Date,Open,High,Low,Close,Adj Close,Volume
2007-01-03,48.849998,48.889999,47.209999,47.590000,41.018654,4764500
2007-01-04,47.330002,48.610001,45.959999,47.369999,40.829033,5600900
2007-01-05,47.000000,48.049999,46.450001,47.950001,41.328960,6758900
2007-01-08,48.549999,49.880001,47.799999,49.349998,42.535629,6741500
2007-01-09,47.549999,49.070000,47.330002,48.200001,41.544437,5557800
2007-01-10,49.099998,49.099998,46.490002,47.500000,40.941090,5000800
2007-01-11,47.090000,49.349998,47.009998,47.310001,40.777328,3942200
2007-01-12,47.500000,49.099998,47.380001,49.020000,42.251202,4310300
2007-01-16,48.770000,50.000000,48.320000,48.680000,41.958138,3752600
2007-01-17,48.680000,49.689999,48.549999,49.250000,42.449436,2988800
2007-01-18,49.150002,49.919998,48.240002,48.790001,42.052956,3248200
2007-01-19,49.060001,50.570000,49.000000,50.520000,43.544056,3998300
2007-01-22,51.000000,51.209999,49.849998,50.549999,43.569931,3597700
2007-01-23,50.849998,52.189999,50.810001,51.740002,44.595619,3329400
2007-01-24,51.250000,51.630001,50.090000,51.529999,44.414616,3781700
2007-01-25,51.529999,51.919998,50.750000,50.860001,43.837124,3105800
2007-01-26,52.049999,52.529999,51.480000,51.939999,44.767994,3158400
2007-01-29,52.400002,53.500000,52.009998,52.110001,44.914532,4058800
2007-01-30,52.220001,53.240002,52.060001,52.779999,45.492004,3590900
2007-01-31,53.950001,54.860001,52.130001,53.990002,46.534931,5281800
2007-02-01,53.740002,54.919998,53.599998,54.540001,47.008987,4190100
2007-02-02,54.610001,55.000000,54.070000,54.570000,47.034824,2580200
2007-02-05,54.500000,55.000000,53.820000,54.119999,46.646973,2818200
2007-02-06,54.430000,54.610001,53.750000,53.840000,46.405640,2578500
2007-02-07,54.000000,54.450001,52.889999,53.200001,45.854019,3016300
2007-02-08,52.049999,54.540001,52.029999,54.540001,47.008987,3134000
2007-02-09,54.889999,55.060001,54.340000,54.939999,47.353752,2747900
2007-02-12,54.580002,54.630001,53.000000,53.439999,46.060875,2437300
2007-02-13,53.689999,54.139999,53.299999,53.840000,46.405640,2047900
2007-02-14,53.869999,54.930000,53.599998,53.980000,46.526310,2459400
2007-02-15,53.910000,54.130001,53.220001,53.880001,46.440117,3189700
2007-02-16,53.549999,54.380001,53.549999,54.270000,46.776264,2239600
2007-02-20,54.060001,54.060001,53.049999,53.619999,46.216019,1762000
2007-02-21,53.590000,54.849998,53.290001,54.500000,46.974510,2886300
2007-02-22,54.750000,55.000000,54.000000,54.580002,47.043468,2449000
2007-02-23,54.990002,55.919998,54.700001,55.580002,47.905388,2937800
2007-02-26,55.840000,56.599998,55.439999,55.580002,47.905388,2233900
2007-02-27,54.799999,55.049999,52.200001,53.220001,45.871246,4187100
2007-02-28,53.220001,53.919998,52.590000,52.959999,45.647152,3953600
2007-03-01,52.990002,54.200001,52.080002,53.189999,45.845394,3574200
2007-03-02,52.970001,53.290001,51.110001,51.419998,44.319801,3911800
2007-03-05,49.500000,51.150002,49.049999,50.520000,43.544056,3990700
2007-03-06,51.000000,51.570000,50.599998,51.500000,44.388763,2922200
2007-03-07,51.279999,53.299999,51.259998,52.180000,44.974861,3520400
2007-03-08,52.590000,52.939999,52.020000,52.549999,45.293777,2385900
2007-03-09,52.970001,53.099998,52.130001,52.799999,45.509247,1994700
2007-03-12,52.150002,52.599998,51.680000,52.220001,45.009350,2521600
2007-03-13,52.209999,53.000000,51.189999,51.189999,44.121571,3787000
2007-03-14,51.410000,52.090000,50.299999,51.970001,44.881538,3867400
2007-03-15,52.189999,52.580002,51.650002,51.849998,44.777893,1847700
2007-03-16,52.150002,52.299999,50.380001,50.450001,43.568859,4261900
2007-03-19,50.900002,52.540001,50.540001,52.509998,45.347870,4195700
2007-03-20,52.509998,52.950001,52.040001,52.950001,45.727879,2557500
2007-03-21,53.000000,54.250000,52.669998,54.060001,46.686470,2627200
2007-03-22,54.639999,56.230000,54.400002,55.790001,48.180515,4251100
2007-03-23,56.000000,56.349998,55.299999,55.980000,48.344578,1847700
2007-03-26,56.259998,56.650002,55.189999,56.389999,48.698681,3397800
2007-03-27,56.250000,57.000000,55.889999,56.820000,49.070019,3496000
2007-03-28,57.270000,57.580002,56.560001,56.900002,49.139088,3082300
2007-03-29,57.070000,58.000000,56.650002,56.910000,49.147736,3287800
2007-03-30,56.660000,56.889999,55.470001,55.470001,47.904152,3445200
2007-04-02,55.840000,56.730000,55.779999,56.509998,48.802303,2616500
2007-04-03,56.330002,56.490002,55.430000,56.290001,48.612301,2615600
2007-04-04,56.060001,56.700001,55.599998,56.230000,48.560482,2369100
2007-04-05,56.389999,56.619999,55.889999,56.290001,48.612301,1764300
2007-04-09,55.290001,56.389999,54.980000,55.080002,47.567352,3977400
2007-04-10,55.349998,56.480000,55.070000,56.380001,48.690037,2531200
2007-04-11,56.580002,56.900002,56.000000,56.400002,48.707298,3164200
2007-04-12,56.939999,57.820000,56.740002,57.619999,49.760883,2185600
2007-04-13,57.889999,58.320000,57.400002,57.869999,49.976791,1817700
2007-04-16,58.139999,58.230000,57.130001,58.000000,50.089066,1611700
2007-04-17,58.139999,58.259998,56.619999,56.930000,49.165001,2848700
2007-04-18,56.320000,56.669998,55.970001,56.209999,48.543201,4229800
2007-04-19,55.950001,56.459999,55.480000,56.160000,48.500042,2515900
2007-04-20,56.849998,57.689999,56.590000,57.560001,49.709064,3597500
2007-04-23,57.509998,58.040001,57.209999,57.310001,49.493191,2239100
2007-04-24,57.560001,57.919998,56.919998,57.119999,49.329098,2776100
2007-04-25,57.919998,59.240002,56.259998,59.040001,50.987221,3018600
2007-04-26,58.820000,59.270000,57.410000,57.470001,49.631363,3024500
2007-04-27,56.959999,57.459999,56.750000,57.020000,49.242733,1811800
2007-04-30,57.270000,57.669998,56.720001,56.750000,49.009567,2965000
2007-05-01,57.230000,57.400002,56.080002,56.770000,49.026848,2600000
2007-05-02,56.880001,57.389999,56.639999,57.060001,49.277279,1763600
2007-05-03,56.450001,58.400002,56.169998,58.230000,50.287693,2040200
2007-05-04,58.310001,58.970001,57.740002,58.180000,50.244511,1913000
2007-05-07,57.930000,58.180000,57.419998,57.820000,49.933620,1244100
2007-05-08,57.750000,58.259998,57.160000,58.139999,50.209976,1654700
2007-05-09,58.080002,58.669998,57.630001,58.439999,50.469055,1996400
2007-05-10,58.799999,58.799999,56.700001,56.849998,49.095921,2175900
2007-05-11,57.410000,58.650002,57.410000,58.480000,50.503593,1842400
2007-05-14,58.410000,58.849998,57.919998,58.549999,50.564041,1357100
2007-05-15,58.549999,59.200001,58.270000,58.389999,50.425873,1894000
2007-05-16,58.369999,58.919998,57.290001,58.430000,50.460411,2626300
2007-05-17,58.340000,59.200001,57.869999,58.869999,50.840397,3849400
2007-05-18,58.930000,59.680000,58.709999,59.680000,51.539917,2909400
2007-05-21,59.810001,61.250000,59.689999,60.590000,52.325794,3939100
2007-05-22,60.099998,60.709999,59.220001,59.310001,51.220394,2953700
2007-05-23,60.000000,61.169998,59.840000,60.459999,52.213543,3568900
2007-05-24,60.290001,60.669998,58.770000,59.070000,51.013126,2736700
2007-05-25,60.070000,60.480000,59.310001,60.279999,52.058090,1849000
2007-05-29,59.880001,60.560001,59.669998,60.119999,51.919918,2739400
2007-05-30,59.869999,61.139999,59.549999,61.000000,52.679890,3527200
2007-05-31,61.360001,61.480000,59.220001,59.220001,51.142673,9088200
2007-06-01,59.689999,60.669998,59.500000,60.259998,52.040813,3704400
2007-06-04,59.900002,61.060001,59.689999,60.480000,52.230808,3260300
2007-06-05,60.389999,60.439999,59.029999,59.570000,51.444927,3621300
2007-06-06,59.200001,59.400002,58.169998,58.790001,50.771317,2779800
2007-06-07,58.840000,59.790001,58.560001,59.000000,50.952675,4561100
2007-06-08,58.299999,59.080002,57.919998,59.070000,51.013126,1968400
2007-06-11,58.930000,59.369999,58.650002,58.910000,50.874950,2431400
2007-06-12,58.980000,59.330002,57.919998,57.970001,50.063164,2840200
2007-06-13,58.349998,59.299999,58.200001,59.040001,51.075314,2571000
2007-06-14,59.500000,60.529999,59.049999,59.880001,51.801998,2846300
2007-06-15,60.490002,61.209999,60.099998,61.000000,52.770901,3342700
2007-06-18,61.200001,61.240002,60.250000,60.410000,52.260509,2322400
2007-06-19,60.160000,60.410000,59.459999,59.509998,51.481915,2357400
2007-06-20,59.860001,59.950001,57.980000,58.070000,50.236168,2992600
2007-06-21,58.759998,60.500000,58.450001,60.240002,52.113445,4362400
2007-06-22,60.130001,60.240002,58.650002,59.720001,51.663586,2200400
2007-06-25,58.900002,59.160000,58.110001,58.419998,50.538967,2598100
2007-06-26,58.849998,58.849998,56.560001,56.630001,48.990437,3531900
2007-06-27,55.840000,56.070000,54.549999,55.779999,48.255100,4572400
2007-06-28,56.540001,57.689999,56.060001,56.740002,49.085602,4890000
2007-06-29,57.590000,59.400002,57.439999,58.959999,51.006104,4895800
2007-07-02,59.299999,59.529999,58.340000,59.490002,51.464611,2286800
2007-07-03,59.619999,60.090000,59.410000,60.090000,51.983669,943200
2007-07-05,60.500000,61.130001,59.980000,60.669998,52.485432,2653700
2007-07-06,61.000000,61.389999,60.750000,60.950001,52.727654,2154900
2007-07-09,61.490002,62.360001,61.299999,61.669998,53.350521,2799100
2007-07-10,61.490002,64.300003,61.200001,63.200001,54.674133,5333400
2007-07-11,63.200001,63.689999,62.180000,63.490002,54.924980,2920100
2007-07-12,62.340000,64.750000,62.340000,64.629997,55.911209,3363000
2007-07-13,65.019997,66.559998,64.669998,66.120003,57.200211,2407100
2007-07-16,66.690002,67.089996,64.660004,65.709999,56.845524,3270600
2007-07-17,67.000000,67.000000,65.269997,65.690002,56.828205,2779200
2007-07-18,65.180000,66.690002,65.160004,66.480003,57.511639,3059600
2007-07-19,65.550003,67.220001,65.550003,66.309998,57.364578,2902500
2007-07-20,65.519997,66.430000,64.830002,65.339996,56.525436,3185800
2007-07-23,64.010002,67.000000,63.650002,66.730003,57.727905,2866000
2007-07-24,65.730003,66.199997,64.000000,64.629997,55.911209,4451700
2007-07-25,66.000000,67.000000,64.519997,66.580002,57.598141,4012000
2007-07-26,64.580002,65.000000,61.060001,62.380001,53.964741,5704400
2007-07-27,63.299999,63.299999,59.169998,60.689999,52.502728,4467800
2007-07-30,61.250000,62.240002,59.880001,61.790001,53.454338,3568700
2007-07-31,62.630001,63.169998,61.080002,61.200001,52.943920,3354200
2007-08-01,60.250000,62.090000,58.099998,60.160000,52.044224,3823700
2007-08-02,60.340000,60.630001,58.410000,59.910000,51.827950,3150000
2007-08-03,60.810001,60.930000,56.529999,56.590000,48.955837,3959800
2007-08-06,56.880001,57.009998,53.919998,55.630001,48.125336,5707700
2007-08-07,55.380001,57.790001,54.700001,57.279999,49.552746,4227400
2007-08-08,57.240002,59.349998,56.580002,58.200001,50.348640,3503400
2007-08-09,57.939999,58.570000,56.340000,57.500000,49.743073,4057600
2007-08-10,57.450001,59.590000,55.529999,59.240002,51.248344,4384500
2007-08-13,60.000000,60.680000,59.500000,60.220001,52.096142,2769500
2007-08-14,60.639999,60.740002,58.259998,58.430000,50.547630,2643300
2007-08-15,58.849998,59.520000,55.840000,56.189999,48.609783,3198800
2007-08-16,55.689999,56.040001,53.119999,55.240002,47.787960,4427100
2007-08-17,55.630001,57.500000,55.459999,57.299999,49.570045,3228400
2007-08-20,57.000000,58.770000,56.349998,58.470001,50.582222,2764000
2007-08-21,58.000000,58.980000,56.330002,56.869999,49.198063,2218800
2007-08-22,57.970001,58.480000,57.139999,57.730000,49.942047,2351000
2007-08-23,58.240002,58.500000,57.090000,57.669998,49.890137,1724000
2007-08-24,57.740002,59.230000,57.740002,59.090000,51.118565,1505100
2007-08-27,58.810001,59.049999,58.099998,58.810001,50.876343,1236400
2007-08-28,58.700001,58.810001,57.439999,57.529999,49.769032,1995700
2007-08-29,57.669998,59.580002,57.459999,59.349998,51.343498,2026300
2007-08-30,58.500000,59.680000,58.310001,58.619999,50.711971,1580400
2007-08-31,59.930000,61.599998,59.480000,61.369999,53.091000,2577100
2007-09-04,60.779999,62.959999,60.439999,62.090000,53.713860,1863200
2007-09-05,61.000000,61.810001,60.660000,61.680000,53.359169,1851400
2007-09-06,61.680000,63.400002,61.389999,62.970001,54.475155,3208100
2007-09-07,61.750000,62.200001,61.070000,61.650002,53.333233,1329000
2007-09-10,61.529999,61.529999,59.270000,60.650002,52.468124,2898700
2007-09-11,61.099998,62.880001,60.080002,62.439999,54.016655,3251600
2007-09-12,62.169998,64.589996,62.110001,64.169998,55.602314,3246200
2007-09-13,63.020000,65.000000,63.020000,64.019997,55.472340,2274400
2007-09-14,63.400002,64.029999,62.619999,63.340000,54.883141,1988900
2007-09-17,62.970001,64.059998,62.639999,63.430000,54.961121,1823700
2007-09-18,63.790001,66.010002,63.450001,66.010002,57.196659,2313200
2007-09-19,66.339996,67.650002,66.180000,66.519997,57.638577,2329100
2007-09-20,66.620003,66.620003,65.769997,66.400002,57.534576,2468900
2007-09-21,66.940002,68.959999,66.400002,67.849998,58.790989,4236100
2007-09-24,67.690002,68.580002,67.470001,68.040001,58.955620,2196300
2007-09-25,66.900002,67.750000,66.500000,67.489998,58.479038,3309200
2007-09-26,68.199997,69.040001,67.139999,68.430000,59.293545,2495700
2007-09-27,69.849998,69.870003,67.010002,67.410004,58.409733,3339500
2007-09-28,67.720001,68.500000,66.230003,66.529999,57.647221,4045700
2007-10-01,66.599998,67.120003,65.320000,67.120003,58.158440,2366800
2007-10-02,66.599998,66.599998,64.000000,65.269997,56.555443,4882400
2007-10-03,65.169998,65.650002,63.580002,64.900002,56.234848,3915900
2007-10-04,64.449997,65.250000,63.759998,64.790001,56.139545,2585800
2007-10-05,64.919998,66.220001,64.690002,66.070000,57.248650,2049900
2007-10-08,64.500000,66.349998,64.500000,65.070000,56.382164,2411000
2007-10-09,64.980003,66.029999,64.570000,66.029999,57.213982,2737400
2007-10-10,65.040001,66.190002,63.639999,65.730003,56.954037,4215900
2007-10-11,66.099998,67.290001,64.690002,65.970001,57.161999,3625400
2007-10-12,65.559998,67.989998,65.410004,67.620003,58.591698,3012700
2007-10-15,68.599998,69.489998,67.889999,68.599998,59.440830,3643300
2007-10-16,68.300003,70.550003,68.000000,69.519997,60.237991,3052500
2007-10-17,69.519997,69.980003,68.389999,69.279999,60.030087,3262700
2007-10-18,69.250000,70.070000,68.750000,69.879997,60.549953,2544400
2007-10-19,68.889999,69.029999,66.250000,67.690002,58.652336,5494700
2007-10-22,66.440002,66.800003,64.660004,65.639999,56.876045,3026300
2007-10-23,66.750000,67.279999,65.349998,66.760002,57.846508,2085300
2007-10-24,66.379997,69.480003,65.930000,68.760002,59.579502,3828700
2007-10-25,68.919998,69.910004,68.180000,69.260002,60.012745,2950800
2007-10-26,71.900002,71.900002,70.459999,70.959999,61.485744,4085800
2007-10-29,71.459999,72.699997,70.989998,71.699997,62.126942,2011700
2007-10-30,70.870003,71.120003,68.010002,68.760002,59.579502,2995400
2007-10-31,70.699997,72.599998,69.449997,71.610001,62.048981,4335600
2007-11-01,70.680000,72.750000,69.599998,70.019997,60.671253,3025000
2007-11-02,70.650002,71.500000,68.379997,70.580002,61.156498,2813200
2007-11-05,68.940002,70.000000,68.610001,69.110001,59.882755,3297900
2007-11-06,69.480003,74.300003,69.480003,73.980003,64.102570,4373800
2007-11-07,73.430000,74.949997,72.459999,72.570000,62.880772,5504500
2007-11-08,72.879997,73.309998,69.839996,71.699997,62.126942,5575300
2007-11-09,70.900002,73.180000,69.570000,71.690002,62.118271,4182100
2007-11-12,71.000000,71.000000,66.830002,66.940002,58.002476,3726200
2007-11-13,67.370003,68.699997,64.809998,68.699997,59.527508,4292100
2007-11-14,69.250000,70.440002,68.029999,68.379997,59.250210,2221500
2007-11-15,68.150002,68.750000,65.239998,65.739998,56.962696,2912000
2007-11-16,66.690002,68.779999,66.290001,67.940002,58.868958,3248100
2007-11-19,67.690002,69.190002,66.830002,67.930000,58.860313,3166000
2007-11-20,69.000000,71.849998,68.459999,71.250000,61.737034,4153500
2007-11-21,70.800003,71.250000,68.559998,68.589996,59.432182,4603400
2007-11-23,68.910004,70.589996,68.519997,70.260002,60.879196,765400
2007-11-26,70.389999,71.370003,68.320000,68.349998,59.224205,5144300
2007-11-27,66.680000,66.930000,64.290001,66.389999,57.525913,6062500
2007-11-28,66.790001,67.930000,65.830002,67.750000,58.704327,5268900
2007-11-29,67.669998,70.000000,67.360001,69.559998,60.272663,3924600
2007-11-30,69.440002,71.320000,69.000000,71.220001,61.711044,3945200
2007-12-03,71.629997,74.879997,71.330002,74.779999,64.795715,4823600
2007-12-04,74.190002,74.500000,72.150002,72.599998,62.906796,4306700
2007-12-05,73.599998,75.559998,73.510002,74.620003,64.657082,4655200
2007-12-06,75.000000,79.559998,73.769997,78.860001,68.330956,7580700
2007-12-07,78.099998,79.050003,77.580002,78.629997,68.131676,4245500
2007-12-10,77.860001,78.830002,77.330002,78.269997,67.819748,3544900
2007-12-11,78.550003,79.809998,76.190002,76.680000,66.442024,4216400
2007-12-12,78.639999,82.480003,78.639999,82.129997,71.164383,6857700
2007-12-13,81.889999,84.599998,81.239998,83.690002,72.516090,5081900
2007-12-14,83.680000,86.480003,82.180000,84.980003,73.633865,6284100
2007-12-17,84.779999,85.199997,82.500000,84.690002,73.469055,5464200
2007-12-18,85.470001,90.570000,85.040001,89.830002,77.928024,8911600
2007-12-19,90.050003,92.839996,89.650002,92.110001,79.905960,8536100
2007-12-20,90.500000,90.919998,88.029999,89.309998,77.476913,6586100
2007-12-21,90.690002,98.180000,90.690002,98.000000,85.015518,9521200
2007-12-24,98.849998,102.959999,97.589996,102.379997,88.815224,4074500
2007-12-26,102.389999,105.849998,102.010002,104.400002,90.567551,4579600
2007-12-27,105.680000,105.680000,100.870003,102.330002,88.771820,4195000
2007-12-28,104.480003,104.480003,101.000000,101.980003,88.468224,3984100
2007-12-31,100.449997,103.040001,100.449997,100.860001,87.496605,3097000
2008-01-02,100.070000,100.489998,97.849998,98.860001,85.761574,5115300
2008-01-03,98.900002,101.050003,97.839996,97.870003,84.902740,4761400
2008-01-04,96.349998,96.349998,90.230003,93.349998,80.981644,9315100
2008-01-07,93.739998,95.860001,91.470001,92.919998,80.608589,5189100
2008-01-08,93.870003,95.099998,91.120003,91.430000,79.316025,6830300
2008-01-09,91.330002,95.059998,90.470001,94.779999,82.222153,5039400
2008-01-10,94.230003,94.230003,90.610001,92.680000,80.400421,5582000
2008-01-11,91.650002,93.849998,91.150002,91.739998,79.584946,3851700
2008-01-14,92.290001,93.550003,90.570000,92.980003,80.660683,2869600
2008-01-15,91.660004,92.849998,88.750000,89.910004,77.997452,4955800
2008-01-16,89.330002,90.400002,85.860001,87.389999,75.811295,4466700
2008-01-17,87.500000,91.360001,82.529999,83.169998,72.150421,4756300
2008-01-18,83.580002,86.500000,83.050003,85.480003,74.154366,4380100
2008-01-22,79.949997,87.989998,78.660004,85.610001,74.267136,7000000
2008-01-23,82.940002,84.430000,76.669998,82.830002,71.855453,10142800
2008-01-24,82.150002,91.980003,82.150002,89.610001,77.737152,7657500
2008-01-25,91.000000,93.139999,88.169998,89.320000,77.485565,4548800
2008-01-28,90.510002,91.000000,88.190002,89.900002,77.988724,4033900
2008-01-29,90.500000,92.360001,90.330002,91.110001,79.038406,4138500
2008-01-30,92.980003,93.489998,89.540001,90.440002,78.457199,4325100
2008-01-31,90.800003,91.919998,88.440002,90.629997,78.621986,3632900
2008-02-01,90.669998,92.610001,89.750000,92.070000,79.871193,3152300
2008-02-04,92.970001,92.970001,89.559998,90.389999,78.413818,1943900
2008-02-05,88.300003,89.120003,85.230003,85.470001,74.145676,3505000
2008-02-06,85.879997,86.349998,81.529999,81.849998,71.005318,4586700
2008-02-07,81.690002,87.489998,81.529999,87.160004,75.611748,5299400
2008-02-08,87.809998,90.699997,87.150002,88.959999,77.173294,3621400
2008-02-11,89.000000,90.970001,87.660004,90.629997,78.621986,2588500
2008-02-12,91.000000,93.199997,88.040001,89.349998,77.511612,3127400
2008-02-13,90.199997,91.639999,88.849998,91.040001,78.977730,2693800
2008-02-14,91.620003,93.489998,91.070000,91.199997,79.116516,3204200
2008-02-15,90.680000,92.750000,88.699997,90.650002,78.639366,4085500
2008-02-19,92.790001,95.489998,92.790001,94.089996,81.623581,3532200
2008-02-20,94.250000,95.000000,91.099998,94.410004,81.901199,3701900
2008-02-21,94.989998,95.410004,92.099998,92.470001,80.218239,3156500
2008-02-22,93.029999,94.029999,90.739998,93.660004,81.250542,2031200
2008-02-25,93.900002,98.099998,93.449997,97.589996,84.659866,3253100
2008-02-26,97.309998,99.260002,96.029999,98.540001,85.484001,2211800
2008-02-27,98.480003,98.480003,94.839996,95.489998,82.838097,2881800
2008-02-28,94.989998,97.099998,94.959999,95.970001,83.254517,2817200
2008-02-29,94.730003,94.730003,92.400002,93.180000,80.834175,2344900
2008-03-03,93.000000,95.760002,92.120003,93.739998,81.319977,3287300
2008-03-04,93.050003,95.120003,90.500000,92.970001,80.651993,2824900
2008-03-05,93.809998,96.680000,92.970001,96.059998,83.332581,3707200
2008-03-06,96.000000,96.209999,92.400002,92.989998,80.669319,2389500
2008-03-07,92.070000,93.059998,90.320000,91.690002,79.541557,2521900
2008-03-10,91.959999,93.010002,89.589996,91.919998,79.741096,4242100
2008-03-11,93.000000,97.220001,92.830002,96.860001,84.026558,5159300
2008-03-12,96.889999,101.160004,96.110001,100.599998,87.271049,6001400
2008-03-13,98.690002,101.230003,97.529999,100.690002,87.436043,4658000
2008-03-14,101.250000,101.650002,97.239998,99.040001,86.003235,3767900
2008-03-17,96.870003,97.580002,93.400002,95.669998,83.076828,3528400
2008-03-18,97.769997,98.260002,94.839996,98.260002,85.325928,3803500
2008-03-19,98.940002,99.760002,90.029999,90.339996,78.448425,6360500
2008-03-20,89.730003,90.870003,85.620003,90.860001,78.899963,4666100
2008-03-24,90.690002,92.389999,88.849998,89.389999,77.623474,3383200
2008-03-25,89.000000,90.580002,88.410004,89.489998,77.710289,3727900
2008-03-26,89.199997,93.050003,89.199997,92.629997,80.436981,3777500
2008-03-27,93.830002,94.379997,89.309998,89.540001,77.753731,2887400
2008-03-28,89.550003,90.040001,87.940002,88.370003,76.737762,2306500
2008-03-31,88.160004,89.949997,86.870003,88.180000,76.572746,3335800
2008-04-01,92.019997,92.489998,88.199997,92.489998,80.315437,3925500
2008-04-02,93.139999,94.750000,91.500000,93.360001,81.070877,2665000
2008-04-03,92.620003,94.860001,91.610001,93.099998,80.845116,2401600
2008-04-04,93.059998,96.980003,93.059998,94.919998,82.425552,2896500
2008-04-07,95.580002,98.260002,95.000000,96.089996,83.441521,2390700
2008-04-08,95.599998,97.730003,94.660004,96.620003,83.901779,1621500
2008-04-09,97.389999,99.669998,96.879997,98.300003,85.360649,2619800
2008-04-10,98.279999,98.279999,95.519997,96.529999,83.823631,2929000
2008-04-11,96.449997,96.940002,92.669998,92.760002,80.549889,2726800
2008-04-14,93.820000,103.550003,92.150002,101.190002,87.870232,12826400
2008-04-15,101.449997,104.290001,100.129997,103.500000,89.876144,6814000
2008-04-16,103.029999,104.809998,101.300003,103.989998,90.301659,5190600
2008-04-17,103.000000,104.830002,101.750000,102.519997,89.025146,3233000
2008-04-18,103.190002,106.769997,102.279999,105.250000,91.395805,4090100
2008-04-21,106.480003,113.070000,105.400002,112.559998,97.743553,5555700
2008-04-22,112.330002,116.809998,111.010002,115.800003,100.557091,5532200
2008-04-23,114.559998,115.050003,110.309998,110.669998,96.102356,4204900
2008-04-24,108.279999,110.980003,104.029999,109.120003,94.756378,4055600
2008-04-25,110.000000,111.500000,107.660004,109.980003,95.503181,2904300
2008-04-28,110.650002,111.099998,105.570000,107.279999,93.158592,3408900
2008-04-29,105.480003,107.500000,104.599998,105.529999,91.638962,2641900
2008-04-30,109.620003,111.300003,102.870003,106.199997,92.220757,6194700
2008-05-01,105.830002,105.830002,99.129997,102.459999,88.973068,4704500
2008-05-02,104.139999,108.250000,103.510002,106.339996,92.342354,3905800
2008-05-05,107.870003,110.099998,106.540001,108.269997,94.018280,3655500
2008-05-06,111.879997,117.989998,111.720001,116.860001,101.477562,5719600
2008-05-07,117.660004,118.470001,112.779999,112.790001,97.943298,5165200
2008-05-08,113.989998,115.529999,111.820000,114.959999,99.827637,3982400
2008-05-09,117.379997,118.120003,112.779999,115.739998,100.504990,3725100
2008-05-12,115.489998,116.320000,112.639999,115.199997,100.036072,2641400
2008-05-13,115.959999,118.889999,113.500000,118.089996,102.545631,3276700
2008-05-14,117.809998,118.480003,115.349998,116.320000,101.008644,3333100
2008-05-15,117.919998,122.730003,117.629997,122.139999,106.062561,5158600
2008-05-16,124.989998,128.179993,122.430000,128.029999,111.177231,5087200
2008-05-19,129.690002,131.970001,126.410004,130.699997,113.495773,5612300
2008-05-20,130.809998,134.050003,129.850006,133.800003,116.187714,5684400
2008-05-21,132.199997,137.000000,130.300003,130.779999,113.565269,7044300
2008-05-22,130.929993,131.919998,126.610001,127.989998,111.142517,5434900
2008-05-23,129.619995,130.149994,123.449997,125.089996,108.624237,4183700
2008-05-27,123.889999,126.290001,122.000000,126.000000,109.414459,4186700
2008-05-28,124.870003,124.910004,120.059998,124.629997,108.224770,5504600
2008-05-29,123.660004,125.910004,119.480003,120.519997,104.655792,4546100
2008-05-30,121.029999,123.320000,118.550003,122.809998,106.644333,5105400
2008-06-02,121.930000,128.389999,121.190002,126.000000,109.414459,3421300
2008-06-03,126.440002,127.089996,121.239998,122.449997,106.331757,3952000
2008-06-04,121.290001,122.190002,117.699997,117.919998,102.398010,4620300
2008-06-05,116.120003,123.349998,116.120003,123.339996,107.104576,5274400
2008-06-06,125.680000,129.860001,123.919998,123.919998,107.608246,5785000
2008-06-09,125.449997,128.419998,124.139999,127.470001,110.690948,4119000
2008-06-10,128.059998,128.130005,120.860001,122.940002,106.757225,4614500
2008-06-11,123.610001,126.879997,121.949997,125.779999,109.223404,3839000
2008-06-12,125.059998,125.269997,121.470001,123.650002,107.459213,3824000
2008-06-13,123.150002,126.279999,121.650002,125.580002,109.136497,3064900
2008-06-16,127.559998,129.199997,126.029999,127.480003,110.787727,4811500
2008-06-17,128.710007,130.000000,127.300003,129.729996,112.743103,2721700
2008-06-18,129.389999,129.990005,126.739998,129.350006,112.412849,3104700
2008-06-19,129.860001,130.000000,122.889999,122.910004,106.816124,3973100
2008-06-20,124.500000,126.769997,121.769997,122.550003,106.503265,4074800
2008-06-23,122.059998,128.440002,122.059998,128.440002,111.622002,3583300
2008-06-24,127.940002,128.089996,125.050003,126.000000,109.501503,3260100
2008-06-25,126.199997,126.699997,120.580002,124.320000,108.041496,4135500
2008-06-26,126.000000,126.000000,121.870003,124.410004,108.119720,3462700
2008-06-27,124.989998,128.520004,124.570000,127.059998,110.422699,6230400
2008-06-30,128.520004,130.259995,125.559998,126.190002,109.666649,4183800
2008-07-01,127.540001,128.050003,123.720001,126.660004,110.075058,4261700
2008-07-02,127.750000,129.000000,119.720001,119.980003,104.269753,3618200
2008-07-03,121.610001,121.839996,116.449997,119.540001,103.887360,2479600
2008-07-07,118.010002,119.000000,112.709999,114.540001,99.542091,4663700
2008-07-08,112.440002,115.339996,108.379997,113.309998,98.473137,5271700
2008-07-09,115.089996,115.089996,109.610001,109.739998,95.370590,5634600
2008-07-10,110.339996,112.980003,107.279999,112.980003,98.186386,4992700
2008-07-11,115.000000,115.410004,109.360001,111.760002,97.126076,3117400
2008-07-14,112.110001,114.430000,110.019997,111.250000,96.682869,3458100
2008-07-15,111.449997,112.000000,103.519997,103.660004,90.086739,5091400
2008-07-16,103.989998,103.989998,98.400002,101.040001,87.809792,7556400
2008-07-17,101.110001,103.220001,93.480003,95.900002,83.342789,6436200
2008-07-18,96.680000,100.250000,95.059998,97.849998,85.037498,5292900
2008-07-21,100.699997,104.230003,99.099998,103.980003,90.364807,4698200
2008-07-22,101.739998,102.239998,97.070000,97.779999,84.976669,4897200
2008-07-23,97.430000,97.750000,91.699997,92.239998,80.162056,6722000
2008-07-24,93.029999,94.620003,87.500000,93.410004,81.178848,8182500
2008-07-25,93.410004,96.750000,92.110001,93.870003,81.578644,4420400
2008-07-28,94.070000,98.199997,93.830002,94.989998,82.551979,3599300
2008-07-29,96.040001,96.129997,92.529999,94.250000,81.908882,4080700
2008-07-30,92.029999,106.970001,92.029999,106.970001,92.963295,8295300
2008-07-31,106.000000,107.360001,101.239998,101.400002,88.122665,5567200
2008-08-01,101.400002,105.809998,99.900002,101.129997,87.887993,3299800
2008-08-04,101.129997,102.000000,92.730003,93.070000,80.883377,5034500
2008-08-05,93.440002,96.610001,91.110001,96.180000,83.586136,4423500
2008-08-06,94.349998,101.660004,94.349998,100.750000,87.557762,4412400
2008-08-07,102.099998,103.000000,97.639999,97.940002,85.115715,4422800
2008-08-08,96.059998,97.410004,91.500000,95.870003,83.316742,4574100
2008-08-11,96.989998,97.260002,92.570000,95.709999,83.177704,3332700
2008-08-12,96.830002,98.739998,95.800003,96.180000,83.586136,3333000
2008-08-13,94.769997,103.199997,94.769997,101.870003,88.531120,4664400
2008-08-14,101.669998,102.470001,97.000000,98.910004,85.958679,4021300
2008-08-15,98.010002,98.010002,93.260002,95.320000,82.838768,3720900
2008-08-18,95.709999,98.860001,94.050003,94.730003,82.326027,2722200
2008-08-19,94.389999,99.220001,93.410004,98.449997,85.558907,2714500
2008-08-20,100.019997,104.000000,99.239998,104.000000,90.382195,3692400
2008-08-21,105.980003,110.000000,105.730003,109.089996,94.805702,6262900
2008-08-22,107.019997,108.330002,104.010002,106.269997,92.354958,3366200
2008-08-25,106.910004,107.440002,103.709999,104.839996,91.112213,2287300
2008-08-26,105.529999,107.660004,103.839996,105.529999,91.711876,2643500
2008-08-27,107.220001,109.279999,106.089996,107.139999,93.111038,2370800
2008-08-28,109.050003,109.120003,102.930000,105.529999,91.711876,3792300
2008-08-29,106.309998,107.500000,103.970001,104.709999,90.999237,2902300
2008-09-02,102.750000,102.750000,98.120003,101.570000,88.270348,5426700
2008-09-03,100.739998,101.050003,93.500000,94.959999,82.525894,5715100
2008-09-04,94.529999,98.000000,89.910004,91.400002,79.432053,6726700
2008-09-05,92.139999,92.610001,87.150002,91.440002,79.466797,5520800
2008-09-08,93.739998,94.739998,87.110001,88.139999,76.598915,4921600
2008-09-09,85.410004,86.930000,79.620003,79.690002,69.255363,7631400
2008-09-10,80.989998,86.879997,80.989998,85.669998,74.452362,7342300
2008-09-11,85.000000,89.190002,82.000000,88.430000,76.850929,6015500
2008-09-12,89.860001,92.739998,88.440002,92.279999,80.287628,3718600
2008-09-15,86.580002,86.989998,80.019997,81.620003,71.012947,5905600
2008-09-16,78.739998,84.959999,71.160004,84.220001,73.275047,13375300
2008-09-17,82.790001,89.050003,79.120003,83.769997,72.883537,7249600
2008-09-18,85.320000,89.639999,82.349998,84.610001,73.614365,6852800
2008-09-19,88.989998,94.879997,85.559998,94.779999,82.462715,6228000
2008-09-22,95.459999,103.169998,94.989998,95.449997,83.045647,6678000
2008-09-23,95.070000,97.680000,92.250000,92.290001,80.296303,4547400
2008-09-24,95.959999,95.959999,91.430000,92.720001,80.670441,3095900
2008-09-25,92.309998,96.660004,91.190002,96.050003,83.567665,3749900
2008-09-26,92.180000,92.309998,86.889999,89.529999,77.894981,5585200
2008-09-29,85.050003,86.000000,72.279999,76.110001,66.219025,6885900
2008-09-30,78.510002,83.889999,78.010002,82.080002,71.413177,5290400
2008-10-01,80.309998,82.029999,76.820000,80.010002,69.612175,4586300
2008-10-02,78.660004,79.389999,68.529999,69.059998,60.085194,5696200
2008-10-03,69.410004,77.919998,69.410004,72.000000,62.643147,6137300
2008-10-06,67.669998,72.250000,60.270000,72.250000,62.860641,9692200
2008-10-07,73.809998,74.739998,60.910000,61.290001,53.324982,8458600
2008-10-08,60.540001,65.029999,55.200001,62.279999,54.186302,11478500
2008-10-09,62.759998,64.989998,53.500000,53.500000,46.547318,7067300
2008-10-10,48.310001,57.180000,45.680000,52.919998,46.042698,14783800
2008-10-13,56.959999,59.720001,52.360001,59.220001,51.523972,9563300
2008-10-14,61.320000,63.360001,55.860001,58.310001,50.732235,6742600
2008-10-15,55.279999,56.000000,46.410000,47.139999,41.013851,6610200
2008-10-16,48.189999,53.009998,43.060001,51.549999,44.850735,9519900
2008-10-17,49.599998,56.869999,47.880001,50.580002,44.006813,7805500
2008-10-20,52.980000,57.560001,51.070000,57.380001,49.923100,6827800
2008-10-21,55.290001,57.209999,53.330002,54.720001,47.608772,4653100
2008-10-22,51.599998,51.610001,47.439999,49.020000,42.649536,6070000
2008-10-23,50.439999,54.310001,49.020000,53.869999,46.869228,7044100
2008-10-24,46.509998,51.720001,46.200001,49.939999,43.449970,4906700
2008-10-27,48.400002,48.500000,42.860001,43.369999,37.733772,8057100
2008-10-28,46.049999,50.599998,41.610001,50.509998,43.945877,5660100
2008-10-29,52.209999,56.480000,51.169998,53.130001,46.225403,6889600
2008-10-30,54.560001,58.290001,52.090000,57.340000,49.888290,6342900
2008-10-31,55.430000,61.919998,54.150002,60.209999,52.385315,4043200
2008-11-03,59.669998,60.049999,56.770000,57.720001,50.218918,4118100
2008-11-04,59.639999,62.000000,59.040001,60.970001,53.046547,4094400
2008-11-05,58.990002,61.959999,57.520000,58.959999,51.297749,4690600
2008-11-06,56.180000,58.459999,55.639999,56.730000,49.357559,5106600
2008-11-07,57.299999,61.310001,57.070000,61.230000,53.272751,3408000
2008-11-10,64.250000,64.750000,59.639999,62.320000,54.221100,3547000
2008-11-11,60.770000,60.770000,55.209999,56.639999,49.279255,5402400
2008-11-12,53.639999,54.990002,50.200001,50.720001,44.128613,5180700
2008-11-13,51.090000,58.259998,47.560001,57.779999,50.271107,6186300
2008-11-14,55.959999,59.259998,53.430000,55.529999,48.313515,3879700
2008-11-17,54.500000,56.180000,50.259998,50.529999,43.963295,4228900
2008-11-18,50.970001,52.689999,48.400002,51.360001,44.685444,3997500
2008-11-19,50.610001,51.450001,46.240002,46.470001,40.430920,5484900
2008-11-20,44.919998,45.419998,38.200001,38.450001,33.453171,6960200
2008-11-21,40.119999,45.230000,39.439999,44.869999,39.038837,7013900
2008-11-24,45.740002,51.389999,44.709999,50.060001,43.554375,5918900
2008-11-25,50.619999,51.189999,45.689999,49.790001,43.319462,5686600
2008-11-26,48.939999,56.470001,48.099998,56.209999,48.905140,4421000
2008-11-28,53.549999,54.130001,51.889999,54.040001,47.017147,1709000
2008-12-01,50.740002,51.060001,43.689999,43.709999,38.029602,6432400
2008-12-02,45.000000,45.790001,43.110001,45.060001,39.204166,5346800
2008-12-03,43.610001,43.790001,41.000000,42.810001,37.246559,5629600
2008-12-04,41.650002,42.400002,39.099998,39.680000,34.523323,5495800
2008-12-05,38.610001,38.900002,35.500000,38.490002,33.487976,7159800
2008-12-08,41.029999,43.150002,40.320000,42.029999,36.567924,5221600
2008-12-09,41.080002,45.189999,41.060001,43.349998,37.716389,5713700
2008-12-10,44.720001,46.380001,43.689999,44.689999,38.882233,6410900
2008-12-11,45.869999,50.419998,45.180000,47.709999,41.509773,7886500
2008-12-12,45.509998,49.279999,45.020000,47.700001,41.501080,4965900
2008-12-15,49.580002,51.029999,46.290001,47.259998,41.118267,5068000
2008-12-16,48.320000,49.849998,46.740002,49.779999,43.310768,3956100
2008-12-17,48.549999,53.700001,48.090000,52.410000,45.690762,6383400
2008-12-18,51.230000,52.040001,46.910000,47.290001,41.227184,5005700
2008-12-19,47.029999,49.110001,46.990002,47.340000,41.270760,8162600
2008-12-22,48.150002,49.470001,46.980000,47.740002,41.619488,4845700
2008-12-23,47.950001,49.549999,47.610001,48.820000,42.561035,3146800
2008-12-24,48.240002,48.619999,46.459999,47.650002,41.541012,1715800
2008-12-26,47.990002,49.119999,47.330002,49.049999,42.761543,1501400
2008-12-29,50.000000,52.439999,50.000000,52.250000,45.551277,3389500
2008-12-30,52.119999,53.860001,51.279999,53.770000,46.876415,3144100
2008-12-31,53.160000,55.470001,52.009998,53.639999,46.763065,3887800
2009-01-02,53.910000,57.830002,53.639999,57.250000,49.910252,3617600
2009-01-05,57.419998,60.169998,56.730000,58.560001,51.052307,4387500
2009-01-06,60.900002,63.509998,57.130001,57.980000,50.546650,6755300
2009-01-07,56.619999,57.290001,53.750000,55.849998,48.689743,5115600
2009-01-08,55.490002,59.119999,54.599998,58.340000,50.860500,4787100
2009-01-09,58.000000,58.000000,55.200001,55.509998,48.393330,5674200
2009-01-12,54.650002,54.910000,51.320000,52.189999,45.498966,5388500
2009-01-13,52.549999,54.599998,52.000000,53.959999,47.042053,4564100
2009-01-14,52.750000,52.750000,50.240002,51.310001,44.731800,4683200
2009-01-15,50.959999,53.459999,49.279999,52.849998,46.074356,4496600
2009-01-16,54.150002,55.110001,51.500000,52.980000,46.187683,3508700
2009-01-20,51.990002,55.450001,51.439999,51.990002,45.324615,6784500
2009-01-21,53.410000,56.779999,52.880001,56.590000,49.334862,5129000
2009-01-22,54.689999,55.779999,53.000000,54.450001,47.469227,4735300
2009-01-23,52.919998,58.630001,51.790001,57.540001,50.163078,5449300
2009-01-26,57.570000,62.180000,57.570000,60.000000,52.307690,7354200
2009-01-27,59.889999,60.549999,58.830002,59.180000,51.592819,6326400
2009-01-28,60.009998,61.919998,56.439999,60.860001,53.057430,7493800
2009-01-29,59.820000,60.200001,56.740002,56.950001,49.648708,4377400
2009-01-30,58.200001,58.980000,55.299999,55.610001,48.480503,5124000
2009-02-02,54.150002,55.000000,53.230000,53.720001,46.832825,4362800
2009-02-03,53.669998,55.700001,53.470001,55.419998,48.314854,4434200
2009-02-04,55.799999,57.720001,55.200001,56.430000,49.195381,3868000
2009-02-05,56.099998,58.660000,54.919998,58.360001,50.877937,4550100
2009-02-06,57.430000,60.900002,56.790001,60.450001,52.700005,3354800
2009-02-09,61.490002,63.389999,60.200001,60.720001,52.935387,4742400
2009-02-10,60.820000,62.459999,56.439999,57.070000,49.753334,3552500
2009-02-11,57.810001,58.480000,55.869999,57.169998,49.840504,2653000
2009-02-12,56.540001,56.709999,54.259998,56.360001,49.134357,3482700
2009-02-13,56.779999,59.529999,56.540001,58.410000,50.921524,3440000
2009-02-17,57.189999,57.189999,52.430000,52.590000,45.847683,4186700
2009-02-18,53.290001,53.730000,50.900002,51.779999,45.141533,4501500
2009-02-19,54.380001,54.860001,51.770000,52.169998,45.481533,5706100
2009-02-20,50.340000,52.650002,50.060001,51.590000,44.975895,4280100
2009-02-23,52.360001,53.450001,49.580002,49.990002,43.581020,4127100
2009-02-24,50.790001,52.580002,49.709999,52.349998,45.638462,5390400
2009-02-25,52.000000,53.770000,50.080002,52.169998,45.481533,4630000
2009-02-26,53.160000,55.630001,52.660000,53.830002,46.928711,4114900
2009-02-27,51.619999,56.500000,51.369999,54.689999,47.678455,5485500
2009-03-02,52.619999,54.639999,51.709999,51.840000,45.193848,7156700
2009-03-03,52.730000,53.900002,51.150002,51.599998,44.984612,6021800
2009-03-04,54.000000,56.459999,53.110001,55.150002,48.079479,6965700
2009-03-05,53.990002,55.930000,52.060001,52.709999,45.952312,6624200
2009-03-06,53.639999,55.900002,52.610001,54.740002,47.722042,7282300
2009-03-09,54.639999,56.799999,53.279999,53.959999,47.042053,6980200
2009-03-10,55.599998,58.720001,54.959999,58.369999,50.886658,7977100
2009-03-11,58.200001,58.880001,55.599998,57.169998,49.840504,5651900
2009-03-12,57.430000,59.480000,56.830002,59.020000,51.543488,5267700
2009-03-13,59.330002,61.270000,57.799999,58.650002,51.220356,7544100
2009-03-16,58.099998,60.869999,57.070000,58.869999,51.412479,4479700
2009-03-17,59.060001,61.970001,58.189999,61.970001,54.119793,4892800
2009-03-18,61.090000,61.099998,57.880001,60.230000,52.600212,7179600
2009-03-19,62.470001,65.980003,62.029999,64.820000,56.608765,7273300
2009-03-20,65.279999,65.400002,61.000000,61.799999,53.971325,5337100
2009-03-23,63.980000,66.839996,63.570000,66.300003,57.901264,6248400
2009-03-24,65.010002,65.980003,63.270000,65.019997,56.783424,3891600
2009-03-25,64.269997,64.989998,62.430000,64.349998,56.198299,5264900
2009-03-26,64.940002,65.120003,62.849998,63.590000,55.534576,5006800
2009-03-27,61.889999,62.299999,57.770000,58.230000,50.853558,6358900
2009-03-30,56.189999,57.169998,54.130001,55.180000,48.189922,4767700
2009-03-31,56.630001,56.630001,54.060001,54.200001,47.334068,5076700
2009-04-01,53.060001,55.990002,52.430000,55.480000,48.451923,4910800
2009-04-02,57.750000,60.119999,57.509998,58.470001,51.063164,4498300
2009-04-03,58.200001,60.310001,57.750000,59.759998,52.189735,3998100
2009-04-06,58.439999,58.439999,56.419998,57.799999,50.478031,3434500
2009-04-07,56.509998,57.230000,55.610001,56.279999,49.150578,3317200
2009-04-08,55.700001,57.709999,54.380001,57.650002,50.347034,3804500
2009-04-09,59.950001,60.340000,57.130001,58.439999,51.036938,3749800
2009-04-13,56.580002,58.360001,55.310001,57.830002,50.504223,3881500
2009-04-14,57.040001,58.820000,56.639999,57.099998,49.866692,3484200
2009-04-15,56.759998,58.240002,55.080002,55.849998,48.775047,4078100
2009-04-16,56.509998,56.590000,54.560001,55.799999,48.731388,3647900
2009-04-17,55.910000,56.689999,54.889999,55.090000,48.111336,5170600
2009-04-20,53.990002,54.000000,50.369999,50.639999,44.225044,5472900
2009-04-21,50.369999,51.500000,49.869999,50.490002,44.094040,6254700
2009-04-22,49.959999,51.410000,49.720001,50.410000,44.024174,6398300
2009-04-23,51.000000,52.669998,50.810001,52.570000,45.910557,5507800
2009-04-24,54.020000,57.180000,54.009998,56.169998,49.054520,6685500
2009-04-27,53.830002,56.849998,53.669998,54.959999,47.997799,6506800
2009-04-28,54.919998,55.709999,53.900002,54.889999,47.936653,3615400
2009-04-29,56.720001,58.700001,54.930000,56.840000,49.639645,6194100
2009-04-30,57.209999,57.590000,54.150002,54.790001,47.849339,5040000
2009-05-01,54.840000,56.299999,54.840000,56.189999,49.071976,4843000
2009-05-04,56.799999,60.000000,56.189999,60.000000,52.399345,3999700
2009-05-05,59.279999,60.000000,57.790001,59.439999,51.910294,2873700
2009-05-06,60.500000,62.099998,60.459999,61.639999,53.831593,4494600
2009-05-07,63.400002,64.099998,59.910000,60.869999,53.159122,5957200
2009-05-08,61.119999,63.700001,61.119999,63.360001,55.333710,5241600
2009-05-11,62.529999,64.639999,61.270000,63.700001,55.630646,4679800
2009-05-12,65.379997,66.199997,62.669998,63.910000,55.814022,3905600
2009-05-13,62.900002,63.430000,59.290001,59.910000,52.320744,5287700
2009-05-14,59.349998,60.590000,58.049999,59.889999,52.303268,3283800
2009-05-15,59.189999,60.139999,57.529999,58.180000,50.809891,4062400
2009-05-18,59.360001,61.090000,59.189999,60.750000,53.054329,3211200
2009-05-19,61.209999,62.779999,60.060001,61.910000,54.067383,3607900
2009-05-20,63.049999,65.430000,62.720001,62.950001,54.975647,4957600
2009-05-21,61.630001,61.930000,60.099998,60.810001,53.106731,3865200
2009-05-22,61.369999,61.840000,60.000000,60.020000,52.416805,2845600
2009-05-26,59.259998,61.240002,58.209999,61.160000,53.412399,6038100
2009-05-27,61.910000,62.820000,61.080002,61.380001,53.604527,3661900
2009-05-28,62.119999,66.050003,61.049999,65.650002,57.333611,6031600
2009-05-29,66.610001,67.500000,65.720001,66.589996,58.154518,5386700
2009-06-01,67.930000,69.739998,67.650002,68.040001,59.420864,6637200
2009-06-02,67.599998,67.980003,59.389999,60.299999,52.661339,25610800
2009-06-03,60.779999,60.930000,56.480000,57.330002,50.067570,14734200
2009-06-04,58.900002,60.599998,58.419998,59.660000,52.102409,9410400
2009-06-05,60.240002,60.610001,57.939999,59.169998,51.674473,5559400
2009-06-08,58.389999,58.480000,56.580002,57.770000,50.451836,4264300
2009-06-09,58.889999,59.590000,57.770000,58.930000,51.464905,3958800
2009-06-10,60.160000,60.630001,58.660000,59.980000,52.381878,4634700
2009-06-11,60.189999,61.500000,59.599998,60.570000,52.897125,4487800
2009-06-12,59.419998,59.869999,58.599998,59.580002,52.118584,3647900
2009-06-15,58.160000,58.889999,57.220001,57.709999,50.482765,5255900
2009-06-16,58.689999,59.340000,57.049999,57.709999,50.482765,4940400
2009-06-17,56.880001,57.070000,52.680000,53.130001,46.476341,14364400
2009-06-18,54.430000,54.900002,53.520000,54.000000,47.237408,9078200
2009-06-19,54.430000,54.430000,52.459999,53.209999,46.546333,8422400
2009-06-22,52.060001,52.279999,50.169998,50.459999,44.140724,5964800
2009-06-23,51.650002,52.470001,50.919998,52.299999,45.750282,5604600
2009-06-24,52.580002,53.660000,52.000000,53.119999,46.467598,6436700
2009-06-25,53.419998,54.810001,52.959999,54.630001,47.788502,5444300
2009-06-26,54.160000,54.799999,53.980000,54.279999,47.482327,8691000
2009-06-29,54.900002,55.669998,54.110001,54.439999,47.622292,5263800
2009-06-30,53.990002,54.849998,52.500000,53.750000,47.018711,6069400
2009-07-01,54.500000,54.750000,52.279999,53.110001,46.458866,7387200
2009-07-02,51.660000,53.110001,49.290001,49.650002,43.432152,9267100
2009-07-06,48.080002,48.680000,46.910000,48.619999,42.531155,6573600
2009-07-07,49.330002,49.590000,48.060001,48.740002,42.636124,10137400
2009-07-08,48.689999,49.380001,46.849998,48.000000,41.988789,9498100
2009-07-09,48.660000,49.029999,47.910000,48.570000,42.487423,5774700
2009-07-10,47.320000,47.599998,46.330002,47.500000,41.551414,6291600
2009-07-13,48.000000,48.630001,46.730000,48.610001,42.522400,5175200
2009-07-14,49.279999,49.980000,48.639999,49.349998,43.169720,4069800
2009-07-15,50.150002,51.230000,50.110001,50.849998,44.481873,4972600
2009-07-16,50.520000,51.180000,49.849998,50.919998,44.543118,4607600
2009-07-17,50.950001,50.990002,49.849998,50.279999,43.983261,5545200
2009-07-20,51.060001,52.090000,50.810001,51.980000,45.470364,4462700
2009-07-21,52.779999,53.040001,51.619999,52.599998,46.012730,4338800
2009-07-22,52.090000,52.439999,51.419998,51.689999,45.216686,4113900
2009-07-23,51.599998,53.490002,51.529999,53.180000,46.520092,5088500
2009-07-24,52.740002,53.750000,52.310001,53.630001,46.913727,3588100
2009-07-27,53.900002,54.200001,52.840000,53.480000,46.782528,3445200
2009-07-28,52.680000,53.700001,52.169998,53.570000,46.861244,4855600
2009-07-29,54.139999,55.000000,50.930000,51.720001,45.242924,7338900
2009-07-30,52.560001,54.700001,52.110001,54.099998,47.324871,4954600
2009-07-31,53.619999,55.639999,53.590000,55.200001,48.287106,4520600
2009-08-03,56.950001,57.830002,56.400002,57.290001,50.115368,4645800
2009-08-04,56.880001,56.889999,55.230000,55.720001,48.741989,3961400
2009-08-05,55.869999,55.889999,55.000000,55.490002,48.540802,3352800
2009-08-06,55.610001,56.020000,55.110001,56.009998,48.995674,3828200
2009-08-07,56.869999,56.869999,54.700001,54.730000,47.875977,4786200
2009-08-10,54.540001,55.070000,54.369999,54.759998,47.902210,2898300
2009-08-11,54.389999,54.990002,53.349998,53.470001,46.773773,5174800
2009-08-12,53.570000,54.169998,53.049999,53.090000,46.441360,5667300
2009-08-13,53.490002,53.730000,52.200001,52.419998,45.855251,6291400
2009-08-14,52.450001,52.650002,50.619999,51.150002,44.744308,4434600
2009-08-17,49.689999,50.020000,48.480000,49.349998,43.169720,5279800
2009-08-18,49.349998,50.840000,49.259998,50.619999,44.280682,3906700
2009-08-19,49.599998,51.750000,49.470001,50.849998,44.481873,5732300
2009-08-20,50.599998,51.340000,50.380001,50.599998,44.263191,3869800
2009-08-21,51.439999,53.110001,50.599998,52.930000,46.301388,6607300
2009-08-24,53.209999,53.660000,52.459999,52.599998,46.012730,3873400
2009-08-25,52.799999,53.150002,51.139999,51.480000,45.032982,3460900
2009-08-26,51.060001,52.790001,50.709999,52.790001,46.178928,4216700
2009-08-27,52.080002,52.790001,50.939999,52.099998,45.575344,4096300
2009-08-28,52.529999,52.759998,51.570000,51.799999,45.312901,2211700
2009-08-31,51.049999,51.049999,50.130001,50.590000,44.254444,3145700
2009-09-01,50.290001,51.189999,49.540001,49.599998,43.388420,4216900
2009-09-02,49.380001,49.900002,49.080002,49.330002,43.152241,3480800
2009-09-03,49.740002,50.180000,49.500000,49.849998,43.607117,2121700
2009-09-04,49.790001,51.570000,49.509998,51.439999,44.997993,4982100
2009-09-08,52.380001,53.830002,52.380001,53.220001,46.555077,5228500
2009-09-09,53.320000,53.700001,52.270000,52.810001,46.196423,4228100
2009-09-10,53.060001,54.000000,52.500000,53.619999,46.904980,4596300
2009-09-11,54.160000,54.650002,52.709999,53.090000,46.441360,4817500
2009-09-14,52.480000,53.619999,52.369999,53.419998,46.730030,3185300
2009-09-15,53.680000,54.560001,52.939999,54.410000,47.596050,3972900
2009-09-16,54.700001,56.590000,54.610001,56.439999,49.462734,7079700
2009-09-17,56.250000,57.299999,55.750000,56.380001,49.410164,4381600
2009-09-18,56.680000,56.750000,55.009998,55.810001,48.910625,4237600
2009-09-21,54.599998,55.259998,54.130001,55.040001,48.235802,2245700
2009-09-22,55.770000,56.919998,55.639999,56.360001,49.392620,3713800
2009-09-23,56.520000,56.820000,54.700001,55.070000,48.262093,4011400
2009-09-24,54.720001,54.930000,53.279999,53.459999,46.851124,4379800
2009-09-25,53.250000,54.150002,52.619999,53.080002,46.518105,4144900
2009-09-28,53.180000,54.869999,53.180000,54.689999,47.929066,2817200
2009-09-29,54.740002,54.950001,53.509998,53.700001,47.061459,3705300
2009-09-30,54.200001,54.290001,52.599998,53.459999,46.851124,4725300
2009-10-01,53.500000,53.790001,51.959999,52.400002,45.922169,4106800
2009-10-02,51.459999,52.270000,51.410000,51.790001,45.387589,4331200
2009-10-05,51.779999,54.049999,51.630001,53.669998,47.035168,6153900
2009-10-06,54.540001,56.099998,54.290001,55.150002,48.332207,7463900
2009-10-07,55.139999,55.849998,54.060001,55.009998,48.209515,5640500
2009-10-08,55.330002,56.889999,54.939999,56.459999,49.480259,6216500
2009-10-09,56.020000,57.500000,55.919998,57.410000,50.312805,4711300
2009-10-12,57.720001,59.220001,57.580002,57.759998,50.619553,4858100
2009-10-13,58.330002,58.689999,57.169998,58.380001,51.162895,3493500
2009-10-14,58.939999,59.500000,58.400002,59.290001,51.960403,3904500
2009-10-15,58.779999,60.750000,58.480000,60.570000,53.082172,4441000
2009-10-16,60.110001,60.869999,59.599998,60.660000,53.161037,3856500
2009-10-19,60.529999,61.750000,60.290001,61.529999,53.923489,2319300
2009-10-20,61.500000,61.630001,59.459999,60.759998,53.248688,2986500
2009-10-21,60.209999,62.180000,59.709999,60.290001,52.836784,4832500
2009-10-22,60.029999,61.500000,59.570000,61.349998,53.765759,4042200
2009-10-23,61.290001,61.290001,58.610001,58.950001,51.662445,4442600
2009-10-26,58.970001,60.770000,57.049999,57.439999,50.339104,4912500
2009-10-27,57.750000,59.400002,56.270000,57.810001,50.663372,5788600
2009-10-28,58.630001,58.630001,54.410000,54.720001,47.955353,10052300
2009-10-29,55.360001,56.660000,54.840000,56.570000,49.576664,4848800
2009-10-30,56.029999,56.799999,54.410000,54.740002,47.972889,4988300
2009-11-02,55.250000,56.500000,53.900002,54.750000,47.981659,5316000
2009-11-03,53.810001,56.000000,53.240002,55.590000,48.717808,4636600
2009-11-04,55.869999,57.459999,55.860001,56.240002,49.287457,3840700
2009-11-05,56.549999,57.490002,56.110001,56.980000,49.935970,2408500
2009-11-06,56.340000,58.040001,56.009998,56.980000,49.935970,3227300
2009-11-09,58.220001,58.500000,57.860001,58.330002,51.119083,2352600
2009-11-10,58.220001,58.919998,57.529999,58.250000,51.048985,2146600
2009-11-11,58.919998,59.230000,57.130001,57.400002,50.304058,2666300
2009-11-12,56.939999,58.160000,55.709999,55.950001,49.033302,4301600
2009-11-13,56.040001,57.000000,55.849998,56.380001,49.410164,3276400
2009-11-16,56.919998,58.349998,56.919998,57.619999,50.496861,3454700
2009-11-17,58.470001,58.799999,57.599998,58.380001,51.162895,3779000
2009-11-18,58.840000,59.099998,57.880001,58.779999,51.513447,4214100
2009-11-19,58.360001,58.360001,57.080002,57.560001,50.444279,3415300
2009-11-20,57.930000,59.110001,57.599998,58.840000,51.566032,5824200
2009-11-23,59.680000,60.500000,58.480000,58.730000,51.469635,4368400
2009-11-24,58.709999,59.049999,58.000000,58.730000,51.469635,3770600
2009-11-25,58.770000,59.450001,58.290001,59.389999,52.048035,2576900
2009-11-27,57.209999,58.099998,56.380001,57.799999,50.654598,2700700
2009-11-30,57.599998,58.860001,57.240002,57.959999,50.794823,3020700
2009-12-01,58.759998,60.049999,58.230000,59.799999,52.407368,4092300
2009-12-02,60.150002,60.150002,59.029999,59.369999,52.030514,2859200
2009-12-03,59.230000,59.980000,59.110001,59.220001,51.899071,3094200
2009-12-04,59.990002,60.330002,56.599998,57.099998,50.041138,5479100
2009-12-07,57.049999,57.799999,56.700001,57.000000,49.953506,3865100
2009-12-08,56.830002,56.919998,54.439999,54.669998,47.911533,5040400
2009-12-09,54.830002,55.480000,53.200001,54.630001,47.876492,6447500
2009-12-10,55.000000,56.430000,54.770000,55.910000,48.998245,3868500
2009-12-11,56.160000,56.349998,55.180000,55.630001,48.752872,2837300
2009-12-14,56.419998,56.650002,55.910000,56.279999,49.322506,3130800
2009-12-15,56.290001,57.060001,55.740002,56.500000,49.515316,2625900
2009-12-16,57.049999,58.099998,56.709999,57.200001,50.128792,2943300
2009-12-17,56.700001,56.799999,56.000000,56.400002,49.514240,2498800
2009-12-18,57.580002,57.770000,57.009998,57.610001,50.576508,4090300
2009-12-21,58.040001,59.180000,58.040001,58.880001,51.691463,3128100
2009-12-22,59.000000,59.160000,58.680000,58.779999,51.603668,2201300
2009-12-23,59.419998,59.689999,58.500000,59.410000,52.156757,2822900
2009-12-24,59.349998,60.689999,59.189999,60.369999,52.999554,1778000
2009-12-28,60.639999,60.950001,59.849998,60.709999,53.298035,2811000
2009-12-29,60.790001,61.459999,60.570000,61.130001,53.666771,3413600
2009-12-30,61.130001,61.160000,60.270000,60.959999,53.517525,2199200
2009-12-31,61.330002,61.520000,60.410000,60.500000,53.113686,1384600
2010-01-04,61.840000,63.430000,61.770000,63.160000,55.448940,3729300
2010-01-05,63.599998,64.220001,63.139999,63.549999,55.791317,3195800
2010-01-06,63.310001,64.510002,63.310001,63.720001,55.940578,3545900
2010-01-07,63.560001,65.269997,63.080002,64.940002,57.011608,4994300
2010-01-08,64.620003,65.900002,64.080002,65.830002,57.792965,2164400
2010-01-11,66.480003,66.489998,64.599998,65.139999,57.187199,3038200
2010-01-12,64.480003,64.480003,62.369999,62.529999,54.895824,5338700
2010-01-13,62.700001,63.099998,61.000000,62.939999,55.255791,4254900
2010-01-14,62.889999,63.209999,62.310001,63.009998,55.317242,1725600
2010-01-15,62.889999,63.410000,61.110001,62.430000,54.808044,3831200
2010-01-19,62.130001,63.040001,61.650002,63.040001,55.343575,2006800
2010-01-20,62.250000,62.380001,60.860001,62.040001,54.465660,2369800
2010-01-21,62.299999,62.770000,59.910000,60.189999,52.841526,5539500
2010-01-22,59.750000,61.500000,58.689999,58.689999,51.524654,6095600
2010-01-25,59.459999,60.580002,59.459999,59.990002,52.665951,3809900
2010-01-26,59.110001,60.419998,58.419998,59.090000,51.875820,4413900
2010-01-27,59.650002,61.750000,57.200001,58.889999,51.700233,7760000
2010-01-28,59.259998,59.459999,57.470001,57.869999,50.804771,3651200
2010-01-29,58.430000,59.860001,57.360001,57.790001,50.734550,5221900
2010-02-01,58.450001,59.889999,58.180000,59.720001,52.428905,3636000
2010-02-02,59.660000,61.279999,59.660000,61.209999,53.737003,3454400
2010-02-03,60.900002,61.169998,59.599998,60.070000,52.736172,2446100
2010-02-04,59.750000,59.759998,56.990002,57.320000,50.321918,5163900
2010-02-05,57.560001,58.040001,55.889999,57.980000,50.901333,6737000
2010-02-08,57.910000,58.480000,56.910000,57.029999,50.067322,3301600
2010-02-09,58.049999,58.939999,57.310001,57.689999,50.646759,4966400
2010-02-10,57.689999,58.650002,56.560001,57.869999,50.804771,4739300
2010-02-11,57.880001,59.200001,57.529999,59.029999,51.823147,2757300
2010-02-12,58.000000,58.830002,57.630001,58.419998,51.287621,3918300
2010-02-16,59.820000,60.619999,59.200001,60.459999,53.078571,3241500
2010-02-17,60.820000,61.259998,60.259998,60.759998,53.341949,3294800
2010-02-18,60.540001,61.139999,59.650002,60.680000,53.271706,3206100
2010-02-19,60.509998,61.090000,60.000000,60.840000,53.412178,2453200
2010-02-22,61.310001,61.310001,59.930000,60.130001,52.788853,2135800
2010-02-23,59.779999,59.939999,58.369999,58.730000,51.559772,2750800
2010-02-24,58.970001,59.520000,58.340000,59.000000,51.796822,2211100
2010-02-25,57.990002,58.709999,57.009998,58.660000,51.498329,2873300
2010-02-26,58.730000,59.080002,58.220001,58.799999,51.621231,2587200
2010-03-01,59.139999,60.110001,59.130001,60.000000,52.674740,2388100
2010-03-02,60.330002,61.000000,59.980000,60.220001,52.867867,3557000
2010-03-03,60.490002,61.049999,60.369999,60.549999,53.157574,2888300
2010-03-04,60.689999,60.889999,59.810001,60.419998,53.043446,2807800
2010-03-05,60.990002,61.580002,60.639999,61.540001,54.026714,3403600
2010-03-08,61.689999,61.810001,60.619999,61.250000,53.772129,2120900
2010-03-09,60.830002,60.970001,60.060001,60.500000,53.113686,3453800
2010-03-10,60.360001,61.570000,60.360001,61.270000,53.789684,2898400
2010-03-11,60.910000,61.169998,60.500000,60.950001,53.596214,2358300
2010-03-12,61.320000,61.660000,61.000000,61.259998,53.868824,1628900
2010-03-15,60.869999,61.080002,60.029999,60.430000,53.138954,3022800
2010-03-16,60.779999,61.759998,60.340000,61.650002,54.211761,3079600
2010-03-17,62.020000,63.110001,61.990002,62.650002,55.091103,2901900
2010-03-18,62.450001,62.540001,60.799999,61.660000,54.220551,2830400
2010-03-19,61.189999,62.130001,60.459999,61.189999,53.807251,4025600
2010-03-22,60.490002,61.630001,60.279999,61.380001,53.974335,2495900
2010-03-23,61.230000,61.630001,60.790001,61.430000,54.018303,2575500
2010-03-24,60.919998,61.889999,60.650002,61.439999,54.027092,2614100
2010-03-25,62.020000,62.020000,60.169998,60.250000,52.980679,2397500
2010-03-26,60.639999,60.810001,59.330002,59.669998,52.470634,3241000
2010-03-29,60.099998,61.439999,59.730000,61.080002,53.710545,3434500
2010-03-30,61.250000,62.389999,60.820000,62.119999,54.625050,3512000
2010-03-31,62.230000,63.150002,61.799999,62.549999,55.003174,2894800
2010-04-01,63.080002,64.239998,63.060001,63.700001,56.014416,3504000
2010-04-05,64.269997,64.610001,64.000000,64.279999,56.524445,3479800
2010-04-06,64.010002,64.519997,63.849998,64.290001,56.533241,3332700
2010-04-07,64.129997,64.230003,62.770000,63.070000,55.460430,3658400
2010-04-08,62.590000,64.489998,61.970001,64.190002,56.445305,4151700
2010-04-09,64.769997,65.150002,64.309998,64.750000,56.937740,3072900
2010-04-12,65.209999,65.580002,64.769997,65.279999,57.403790,2136700
2010-04-13,65.250000,65.599998,63.930000,65.070000,57.219128,3057300
2010-04-14,65.610001,66.150002,64.440002,65.559998,57.650005,3735300
2010-04-15,65.500000,65.500000,64.339996,64.910004,57.078419,3384400
2010-04-16,64.410004,64.959999,62.840000,63.650002,55.970455,3824400
2010-04-19,62.990002,63.549999,62.250000,63.480000,55.820969,2813700
2010-04-20,63.900002,65.769997,63.900002,65.300003,57.421371,3790400
2010-04-21,65.180000,65.529999,64.169998,64.750000,56.937740,2560300
2010-04-22,63.400002,64.330002,63.049999,64.199997,56.454102,2857400
2010-04-23,64.250000,65.529999,63.650002,65.529999,57.623638,3318800
2010-04-26,65.410004,65.900002,64.970001,65.349998,57.465332,2617600
2010-04-27,64.870003,66.220001,63.279999,63.349998,55.706642,3566300
2010-04-28,64.269997,64.949997,62.340000,63.669998,55.988041,5040100
2010-04-29,64.120003,64.839996,63.389999,64.320000,56.559616,3370000
2010-04-30,64.410004,64.750000,62.080002,63.549999,55.882523,4564800
2010-05-03,63.930000,64.620003,62.720001,64.029999,56.304604,3108300
2010-05-04,63.220001,63.290001,61.009998,62.380001,54.853683,3679400
2010-05-05,61.139999,62.389999,60.060001,61.410000,54.000713,6901600
2010-05-06,60.799999,61.200001,55.049999,58.209999,51.186798,9138000
2010-05-07,58.310001,58.590000,56.000000,56.740002,49.894169,6259700
2010-05-10,59.470001,60.459999,58.209999,59.950001,52.716862,7148800
2010-05-11,58.970001,60.189999,58.270000,58.610001,51.538528,5100800
2010-05-12,58.970001,59.360001,57.820000,58.840000,51.740803,4588200
2010-05-13,58.779999,58.939999,57.709999,58.000000,51.002140,5771900
2010-05-14,57.340000,57.430000,55.230000,56.060001,49.296204,5002000
2010-05-17,56.369999,56.630001,53.919998,55.500000,48.803764,4410700
2010-05-18,56.439999,57.020000,54.810001,55.200001,48.539967,5298900
2010-05-19,54.759998,55.459999,53.560001,55.000000,48.364113,5325600
2010-05-20,53.590000,53.590000,51.430000,51.520000,45.303963,6482000
2010-05-21,50.439999,53.330002,50.099998,52.910000,46.526260,6102600
2010-05-24,52.680000,52.680000,51.250000,51.279999,45.092930,4529100
2010-05-25,49.759998,52.369999,49.500000,52.240002,45.937096,5379100
2010-05-26,53.169998,53.250000,51.389999,51.619999,45.391903,3962200
2010-05-27,53.000000,54.630001,52.889999,54.549999,47.968391,3818700
2010-05-28,54.299999,54.639999,52.820000,53.200001,46.781269,3976600
2010-06-01,52.360001,53.099998,50.389999,50.490002,44.398254,4488800
2010-06-02,50.330002,52.130001,49.880001,52.130001,45.840374,4136800
2010-06-03,52.250000,52.799999,51.439999,52.590000,46.244869,3076500
2010-06-04,51.389999,52.209999,50.119999,50.500000,44.407051,3405500
2010-06-07,50.680000,51.950001,50.209999,50.369999,44.292728,3693100
2010-06-08,49.790001,50.099998,48.700001,49.689999,43.694756,6024100
2010-06-09,50.169998,51.459999,49.610001,49.880001,43.861847,4202100
2010-06-10,51.049999,52.700001,50.880001,52.660000,46.306427,4571200
2010-06-11,51.779999,53.570000,51.779999,53.450001,47.001129,3109600
2010-06-14,54.189999,54.750000,53.560001,53.669998,47.283031,4235800
2010-06-15,54.240002,55.389999,53.970001,55.310001,48.727871,2612700
2010-06-16,54.849998,55.480000,54.570000,55.000000,48.454754,2510200
2010-06-17,55.150002,55.209999,54.169998,54.689999,48.181652,3510100
2010-06-18,54.900002,56.220001,54.270000,56.180000,49.494331,4057200
2010-06-21,57.090000,57.450001,55.590000,56.009998,49.344559,3593600
2010-06-22,55.900002,56.060001,54.340000,54.509998,48.023071,4328000
2010-06-23,54.459999,55.470001,53.970001,55.070000,48.516426,3992200
2010-06-24,54.820000,54.980000,53.380001,53.730000,47.335899,4527700
2010-06-25,53.959999,54.480000,53.110001,53.799999,47.397564,3181800
2010-06-28,53.790001,53.840000,52.669998,52.970001,46.666332,3179000
2010-06-29,52.180000,52.209999,50.779999,50.950001,44.886730,4094700
2010-06-30,51.029999,51.860001,50.209999,50.340000,44.349323,4065400
2010-07-01,49.820000,50.740002,48.709999,49.959999,44.014538,5958100
2010-07-02,50.169998,50.759998,49.639999,50.080002,44.120258,2873500
2010-07-06,51.200001,51.919998,50.299999,50.950001,44.886730,4341000
2010-07-07,51.290001,53.220001,51.230000,53.220001,46.886597,3716800
2010-07-08,53.790001,54.110001,52.759998,54.099998,47.661858,2817200
2010-07-09,54.040001,54.110001,52.630001,53.230000,46.895390,2932000
2010-07-12,53.049999,53.689999,52.700001,53.689999,47.300644,2288300
2010-07-13,54.389999,54.740002,53.990002,54.349998,47.882103,2439900
2010-07-14,53.959999,54.490002,53.330002,53.590000,47.212547,2707900
2010-07-15,53.900002,53.900002,52.419998,53.320000,46.974689,3314600
2010-07-16,52.490002,52.880001,51.259998,51.490002,45.362473,3320600
2010-07-19,51.880001,52.380001,51.490002,51.830002,45.662010,2036600
2010-07-20,51.049999,52.930000,51.000000,52.880001,46.587044,3433400
2010-07-21,53.590000,53.590000,50.410000,50.889999,44.833870,5432200
2010-07-22,51.459999,52.889999,51.340000,52.200001,45.987972,5847900
2010-07-23,52.040001,52.939999,51.320000,52.700001,46.428455,4835700
2010-07-26,52.610001,53.060001,52.200001,52.779999,46.498940,5053200
2010-07-27,52.900002,53.360001,52.410000,53.299999,46.957066,6413500
2010-07-28,53.110001,53.939999,52.009998,52.470001,46.225838,7073800
2010-07-29,52.509998,54.029999,52.490002,53.849998,47.441608,6356100
2010-07-30,53.369999,53.910000,52.939999,53.590000,47.212547,4471300
2010-08-02,54.630001,56.080002,54.520000,55.939999,49.282890,4416700
2010-08-03,56.060001,56.150002,55.070000,56.080002,49.406235,3469400
2010-08-04,56.200001,56.560001,55.740002,56.500000,49.776237,2955600
2010-08-05,56.000000,56.590000,55.790001,56.310001,49.608871,2146900
2010-08-06,55.820000,56.189999,54.650002,55.590000,48.974548,2565400
2010-08-09,56.070000,56.200001,55.310001,56.060001,49.388618,2188600
2010-08-10,55.070000,55.950001,54.650002,55.560001,48.948112,2799900
2010-08-11,54.410000,54.509998,53.040001,53.400002,47.045158,2922500
2010-08-12,52.369999,53.480000,52.279999,53.160000,46.833714,2148500
2010-08-13,52.880001,53.740002,52.730000,52.770000,46.490128,1974900
2010-08-16,52.490002,52.759998,52.049999,52.619999,46.357979,3097200
2010-08-17,53.400002,53.619999,52.779999,53.439999,47.080399,2891800
2010-08-18,53.369999,53.369999,52.200001,52.900002,46.604660,2821600
2010-08-19,52.509998,52.740002,51.889999,51.990002,45.802959,3815700
2010-08-20,51.439999,52.000000,50.959999,51.240002,45.142220,2753200
2010-08-23,51.180000,51.720001,51.020000,51.230000,45.133411,1827500
2010-08-24,50.549999,50.990002,50.119999,50.209999,44.234779,4278500
2010-08-25,49.990002,50.660000,49.790001,50.410000,44.410988,4447300
2010-08-26,50.759998,51.020000,49.799999,49.880001,43.944069,2484600
2010-08-27,50.200001,51.560001,49.599998,51.459999,45.336037,2583500
2010-08-30,51.180000,51.490002,50.490002,50.520000,44.507896,2078800
2010-08-31,50.270000,50.900002,49.810001,50.250000,44.270031,2130000
2010-09-01,51.320000,53.189999,51.180000,53.110001,46.789677,3480600
2010-09-02,53.419998,54.910000,53.250000,54.889999,48.357838,4279000
2010-09-03,55.139999,55.439999,54.490002,55.290001,48.710247,2439500
2010-09-07,54.820000,54.820000,53.000000,53.380001,47.027550,4560000
2010-09-08,53.360001,54.799999,53.250000,54.299999,47.838055,2892100
2010-09-09,54.980000,55.160000,53.860001,54.119999,47.679474,2417000
2010-09-10,54.540001,55.080002,54.299999,54.419998,47.943787,2631800
2010-09-13,55.320000,55.320000,54.369999,54.490002,48.005459,3728100
2010-09-14,54.279999,55.070000,53.840000,54.799999,48.278557,3363200
2010-09-15,54.389999,55.230000,54.000000,55.000000,48.454754,2960800
2010-09-16,54.590000,55.880001,54.439999,55.820000,49.266743,3797600
2010-09-17,56.119999,56.240002,54.950001,54.970001,48.516525,5242400
2010-09-20,55.250000,56.849998,55.180000,56.669998,50.016949,3403500
2010-09-21,56.310001,56.860001,55.310001,56.139999,49.549179,2781000
2010-09-22,56.250000,57.930000,56.240002,56.400002,49.778660,3373900
2010-09-23,55.680000,56.720001,55.459999,56.049999,49.469746,2199400
2010-09-24,56.910000,58.169998,56.540001,57.810001,51.023125,2568500
2010-09-27,57.810001,57.889999,57.459999,57.669998,50.899551,2783700
2010-09-28,57.740002,58.470001,57.180000,58.189999,51.358513,3970000
2010-09-29,58.119999,59.349998,57.860001,58.779999,51.879253,3007000
2010-09-30,59.349998,59.790001,58.130001,59.119999,52.179337,3426000
2010-10-01,60.000000,61.119999,59.990002,60.919998,53.768002,4574300
2010-10-04,60.619999,60.970001,59.230000,59.490002,52.505894,4397200
2010-10-05,60.689999,62.180000,60.650002,61.419998,54.209305,5033600
2010-10-06,61.150002,62.290001,61.150002,61.610001,54.377010,2758700
2010-10-07,62.200001,62.330002,60.880001,61.810001,54.553532,2709800
2010-10-08,61.759998,62.740002,61.509998,62.529999,55.188988,2830800
2010-10-11,62.520000,63.560001,62.520000,63.040001,55.639126,2146300
2010-10-12,62.709999,62.980000,61.849998,62.669998,55.312569,1910800
2010-10-13,63.000000,63.730000,62.900002,63.369999,55.930389,2534500
2010-10-14,63.299999,63.779999,62.380001,62.750000,55.383171,2446800
2010-10-15,63.520000,64.040001,62.770000,63.830002,56.336388,3414400
2010-10-18,63.709999,64.680000,63.430000,64.360001,56.804169,2769500
2010-10-19,63.520000,63.750000,62.070000,62.270000,54.959522,3336100
2010-10-20,62.580002,63.840000,62.380001,63.279999,55.850948,2416000
2010-10-21,63.540001,64.480003,62.580002,63.119999,55.709713,2789700
2010-10-22,63.220001,63.680000,62.480000,63.250000,55.824459,2603900
2010-10-25,63.799999,64.099998,62.459999,62.549999,55.206650,3625800
2010-10-26,62.090000,62.840000,61.430000,62.509998,55.171349,3274900
2010-10-27,63.189999,64.410004,61.299999,62.509998,55.171349,4590200
2010-10-28,63.180000,63.750000,62.910000,63.230000,55.806824,2205400
2010-10-29,62.889999,63.480000,62.570000,63.029999,55.630283,2074700
2010-11-01,63.720001,64.669998,63.720001,64.099998,56.574684,3019100
2010-11-02,64.830002,65.970001,64.750000,65.279999,57.616154,3206800
2010-11-03,65.550003,66.750000,65.220001,66.440002,58.639965,4616900
2010-11-04,69.250000,69.900002,68.889999,69.250000,61.120075,6086000
2010-11-05,69.279999,70.230003,69.089996,69.980003,61.764374,4563800
2010-11-08,69.669998,70.849998,69.440002,70.470001,62.196857,3184600
2010-11-09,70.959999,71.220001,69.180000,69.660004,61.481930,3386600
2010-11-10,70.150002,71.529999,69.110001,71.529999,63.132389,3055300
2010-11-11,70.820000,71.989998,69.500000,71.900002,63.458973,2867100
2010-11-12,71.010002,71.040001,69.150002,70.059998,61.834972,4056900
2010-11-15,70.629997,70.669998,69.529999,69.529999,61.367199,2711100
2010-11-16,68.750000,68.750000,67.199997,67.779999,59.822639,4049000
2010-11-17,67.129997,68.690002,66.510002,67.820000,59.857952,3561600
2010-11-18,68.830002,70.389999,68.830002,69.989998,61.773174,2764000
2010-11-19,69.760002,70.480003,69.139999,70.400002,62.135082,3003900
2010-11-22,69.779999,70.000000,68.419998,69.690002,61.508434,2014900
2010-11-23,68.900002,69.330002,68.389999,69.050003,60.943554,3211400
2010-11-24,69.389999,70.970001,69.349998,70.940002,62.611652,2432200
2010-11-26,70.080002,70.290001,69.330002,69.779999,61.587849,1068200
2010-11-29,69.379997,70.419998,67.870003,70.120003,61.887913,2695000
2010-11-30,69.389999,70.650002,69.120003,70.050003,61.826160,2607800
2010-12-01,71.589996,73.389999,71.459999,73.139999,64.553375,3238000
2010-12-02,73.099998,74.550003,73.099998,74.290001,65.568375,2486900
2010-12-03,73.930000,74.750000,73.830002,74.300003,65.577187,3369400
2010-12-06,74.419998,74.500000,73.180000,74.000000,65.312408,4098500
2010-12-07,74.820000,76.370003,74.660004,75.440002,66.583351,3977300
2010-12-08,75.699997,75.860001,73.599998,74.339996,65.612488,2692900
2010-12-09,75.070000,75.070000,73.610001,73.949997,65.268295,2170300
2010-12-10,74.320000,74.730003,73.970001,74.519997,65.771355,1862700
2010-12-13,74.720001,75.269997,73.930000,74.120003,65.418343,2593600
2010-12-14,74.190002,74.540001,73.620003,74.089996,65.391869,2801600
2010-12-15,73.769997,74.370003,72.910004,73.209999,64.615173,2479200
2010-12-16,73.449997,74.440002,72.570000,74.419998,65.772934,2876800
2010-12-17,74.750000,75.910004,74.470001,75.440002,66.674431,4451200
2010-12-20,74.989998,75.290001,74.250000,74.599998,65.932045,3171500
2010-12-21,74.730003,76.050003,74.570000,76.010002,67.178215,2219100
2010-12-22,75.980003,76.540001,75.510002,76.180000,67.328468,2134700
2010-12-23,75.739998,76.019997,75.430000,75.839996,67.027962,1586600
2010-12-27,75.379997,75.489998,74.629997,75.269997,66.524178,1196600
2010-12-28,75.639999,75.639999,74.940002,75.120003,66.391602,1523600
2010-12-29,75.589996,76.529999,75.080002,76.440002,67.558250,2713500
2010-12-30,76.500000,76.980003,76.220001,76.440002,67.558250,1830300
2010-12-31,76.440002,76.900002,75.849998,76.540001,67.646622,1286900
2011-01-03,77.940002,78.389999,77.089996,77.419998,68.424385,2124900
2011-01-04,78.169998,78.360001,77.199997,77.750000,68.715996,2724200
2011-01-05,78.269997,79.519997,77.360001,79.470001,70.236183,4138400
2011-01-06,80.269997,80.449997,78.699997,79.209999,70.006378,2872600
2011-01-07,79.190002,79.339996,78.110001,79.169998,69.971024,2739900
2011-01-10,79.180000,79.260002,77.000000,77.989998,68.928131,4777300
2011-01-11,78.570000,81.610001,78.410004,80.989998,71.579582,4838400
2011-01-12,82.230003,82.379997,79.800003,80.190002,70.872513,3760100
2011-01-13,80.889999,81.070000,79.440002,79.919998,70.633896,3082300
2011-01-14,79.949997,82.330002,79.669998,82.129997,72.587112,3047700
2011-01-18,82.720001,82.750000,81.930000,82.029999,72.498718,2690300
2011-01-19,82.160004,82.470001,80.360001,80.500000,71.146484,3046500
2011-01-20,79.949997,80.040001,77.760002,79.440002,70.209648,4155600
2011-01-21,79.019997,80.139999,78.410004,78.650002,69.511459,3841400
2011-01-24,78.739998,79.290001,78.360001,78.940002,69.767784,3357200
2011-01-25,78.580002,78.750000,76.290001,77.169998,68.203407,4934000
2011-01-26,76.790001,79.769997,76.000000,79.349998,70.130119,5064600
2011-01-27,79.580002,79.910004,78.449997,79.250000,70.041763,2928200
2011-01-28,78.930000,82.230003,78.250000,81.510002,72.039162,6961300
2011-01-31,81.699997,84.190002,81.459999,84.120003,74.345901,4187500
2011-02-01,84.320000,86.120003,84.309998,85.360001,75.441811,4082400
2011-02-02,84.830002,85.199997,83.760002,83.879997,74.133789,2555000
2011-02-03,83.709999,84.000000,81.750000,83.139999,73.479752,2533000
2011-02-04,84.349998,84.349998,81.910004,82.339996,72.772713,2892200
2011-02-07,82.660004,83.910004,82.529999,83.150002,73.488602,2045000
2011-02-08,82.800003,82.809998,81.769997,82.669998,73.064362,2387500
2011-02-09,82.150002,82.470001,79.860001,80.089996,70.784149,2984100
2011-02-10,79.889999,81.400002,79.750000,81.290001,71.844704,1790100
2011-02-11,81.089996,81.290001,79.879997,80.599998,71.234894,2590000
2011-02-14,80.489998,82.449997,80.330002,82.330002,72.763870,2371500
2011-02-15,82.070000,82.269997,81.000000,81.190002,71.756317,1559400
2011-02-16,81.599998,83.980003,81.410004,83.839996,74.098412,2651500
2011-02-17,83.690002,84.419998,82.820000,84.129997,74.354744,2278700
2011-02-18,83.919998,85.019997,83.269997,85.000000,75.123627,2870100
2011-02-22,84.349998,85.000000,80.629997,80.760002,71.376289,4140800
2011-02-23,81.099998,85.209999,81.099998,84.949997,75.079430,5061000
2011-02-24,84.690002,85.400002,82.820000,83.730003,74.001205,4133900
2011-02-25,84.040001,84.849998,82.790001,84.800003,74.946869,3500700
2011-02-28,85.500000,87.029999,85.000000,87.029999,76.917770,3767400
2011-03-01,87.169998,87.400002,84.000000,84.660004,74.823143,4270000
2011-03-02,84.650002,84.949997,83.000000,84.510002,74.690559,2335800
2011-03-03,85.440002,85.690002,84.400002,85.199997,75.300392,2224100
2011-03-04,85.400002,85.500000,83.629997,84.239998,74.451935,2614400
2011-03-07,84.949997,85.970001,83.550003,84.360001,74.558006,2050600
2011-03-08,84.360001,84.529999,82.349998,83.809998,74.071907,2693200
2011-03-09,83.290001,84.180000,82.660004,83.099998,73.444397,1987100
2011-03-10,81.739998,81.970001,78.660004,78.739998,69.674828,5482000
2011-03-11,78.129997,80.720001,78.000000,80.180000,70.949036,3872200
2011-03-14,79.290001,79.680000,78.260002,79.349998,70.214638,2563500
2011-03-15,76.360001,79.300003,76.209999,78.529999,69.489029,3127600
2011-03-16,78.949997,80.669998,76.919998,78.309998,69.294342,4004700
2011-03-17,79.139999,80.930000,78.730003,80.309998,71.064102,3471700
2011-03-18,81.669998,81.879997,79.589996,79.589996,70.426979,3833900
2011-03-21,81.339996,82.349998,80.919998,82.169998,72.709976,2524800
2011-03-22,82.260002,82.489998,81.040001,82.099998,72.648010,2365800
2011-03-23,81.879997,82.089996,80.050003,80.660004,71.373817,3532300
2011-03-24,81.209999,82.160004,80.129997,82.150002,72.692268,2550100
2011-03-25,82.230003,84.620003,81.370003,84.360001,74.647835,3177200
2011-03-28,84.419998,85.000000,82.930000,82.970001,73.417854,1705300
2011-03-29,82.800003,83.669998,81.930000,83.370003,73.771812,2212000
2011-03-30,83.889999,84.849998,83.209999,83.809998,74.161140,1821300
2011-03-31,84.760002,86.110001,84.629997,85.209999,75.399971,3645900
2011-04-01,85.820000,87.190002,85.809998,86.739998,76.753822,2363000
2011-04-04,86.519997,86.980003,85.500000,85.879997,75.992836,1721500
2011-04-05,86.250000,86.879997,85.550003,86.349998,76.408722,1918500
2011-04-06,86.889999,87.000000,84.010002,84.809998,75.046021,2845300
2011-04-07,85.389999,85.550003,83.410004,84.529999,74.798248,2821000
2011-04-08,85.169998,85.500000,83.809998,84.239998,74.541641,2812100
2011-04-11,83.970001,84.559998,81.540001,81.779999,72.364861,2725100
2011-04-12,80.839996,80.930000,78.760002,80.309998,71.064102,4183000
2011-04-13,80.589996,81.300003,78.459999,79.669998,70.497780,5875500
2011-04-14,79.370003,79.860001,78.650002,79.650002,70.480072,3030900
2011-04-15,79.389999,79.639999,78.510002,78.879997,69.798729,4377400
2011-04-18,77.440002,77.849998,76.610001,77.209999,68.320992,2955500
2011-04-19,77.209999,78.709999,76.739998,78.559998,69.515541,2422900
2011-04-20,80.290001,80.650002,79.830002,80.550003,71.276482,2267200
2011-04-21,80.489998,81.099998,79.650002,80.680000,71.391487,2112200
2011-04-25,80.730003,80.889999,79.629997,80.000000,70.789787,1582700
2011-04-26,80.160004,80.919998,79.599998,80.669998,71.382645,2400000
2011-04-27,84.150002,84.800003,82.279999,82.739998,73.214333,6679000
2011-04-28,84.040001,84.779999,83.000000,83.940002,74.276192,3340400
2011-04-29,83.940002,86.449997,83.930000,85.959999,76.063629,3772600
2011-05-02,86.190002,86.190002,83.019997,83.559998,73.939941,4505700
2011-05-03,82.900002,83.040001,79.570000,79.830002,70.639328,5327500
2011-05-04,79.650002,79.720001,76.680000,77.430000,68.515678,8071400
2011-05-05,76.620003,78.559998,75.550003,76.519997,67.710403,6960900
2011-05-06,78.580002,79.949997,76.360001,77.470001,68.551071,6059300
2011-05-09,78.290001,80.290001,78.000000,79.949997,70.745560,3865000
2011-05-10,79.800003,80.129997,78.449997,79.669998,70.497780,4295800
2011-05-11,79.150002,79.150002,76.750000,77.070000,68.197113,3870700
2011-05-12,76.529999,77.339996,75.209999,76.379997,67.586525,4318700
2011-05-13,77.160004,77.330002,75.459999,75.779999,67.055618,3260400
2011-05-16,75.360001,76.599998,74.349998,74.589996,66.002632,3625400
2011-05-17,74.279999,75.589996,73.800003,75.459999,66.772446,3684100
2011-05-18,75.680000,77.959999,75.290001,77.190002,68.303284,3852600
2011-05-19,78.029999,78.470001,77.000000,78.080002,69.090843,3748300
2011-05-20,77.639999,78.589996,77.089996,77.919998,68.949257,4067300
2011-05-23,76.250000,76.800003,75.760002,76.199997,67.427254,3082800
2011-05-24,77.089996,78.440002,76.989998,77.440002,68.524521,2914200
2011-05-25,77.050003,78.489998,76.949997,78.239998,69.232407,3119900
2011-05-26,77.900002,78.750000,77.500000,78.400002,69.373962,2569000
2011-05-27,78.790001,79.500000,78.169998,78.599998,69.550964,1990100
2011-05-31,79.680000,80.050003,78.120003,79.029999,69.931442,2687900
2011-06-01,78.779999,79.080002,76.050003,76.300003,67.515770,3828300
2011-06-02,76.580002,77.639999,75.500000,76.699997,67.869705,3118900
2011-06-03,75.559998,78.099998,75.309998,76.970001,68.108612,2507400
2011-06-06,76.830002,77.139999,74.139999,74.379997,65.816795,3259500
2011-06-07,75.900002,76.449997,74.410004,74.529999,65.949539,4167200
2011-06-08,74.519997,75.930000,73.500000,73.769997,65.277023,4143900
2011-06-09,74.239998,75.580002,73.970001,75.110001,66.462769,2695700
2011-06-10,74.410004,74.410004,72.750000,72.849998,64.462944,3531100
2011-06-13,73.070000,73.459999,70.690002,71.610001,63.365700,3188900
2011-06-14,72.559998,73.839996,72.360001,73.360001,65.005028,2398100
2011-06-15,72.199997,72.570000,70.269997,70.980003,62.896080,4922100
2011-06-16,71.309998,71.559998,69.400002,70.309998,62.302368,4769200
2011-06-17,71.160004,71.400002,69.019997,69.279999,61.389702,5475700
2011-06-20,68.650002,69.260002,67.650002,68.730003,60.902332,5186900
2011-06-21,69.470001,72.050003,69.139999,71.529999,63.383446,4018800
2011-06-22,70.940002,72.879997,70.529999,71.419998,63.285957,3491900
2011-06-23,69.970001,69.970001,68.309998,69.580002,61.655514,4669400
2011-06-24,69.650002,70.150002,68.940002,69.040001,61.177013,3017500
2011-06-27,68.779999,69.550003,68.370003,69.190002,61.309940,2780600
2011-06-28,69.709999,71.559998,69.709999,71.470001,63.330265,2984700
2011-06-29,71.690002,73.339996,71.330002,72.980003,64.668304,4075200
2011-06-30,74.029999,75.150002,73.540001,74.760002,66.245537,4905300
2011-07-01,74.769997,75.589996,73.629997,75.419998,66.830399,3594100
2011-07-05,75.300003,77.120003,75.220001,75.779999,67.149399,2909600
2011-07-06,75.370003,75.400002,73.889999,74.410004,65.935440,3303800
2011-07-07,75.870003,76.449997,75.330002,75.650002,67.034210,2764600
2011-07-08,73.769997,74.709999,73.599998,74.680000,66.174667,2947200
2011-07-11,73.419998,73.610001,71.699997,72.019997,63.817635,3036200
2011-07-12,71.699997,72.410004,70.919998,71.379997,63.250523,3628700
2011-07-13,71.900002,72.540001,69.480003,70.790001,62.727718,8420600
2011-07-14,71.500000,71.639999,69.559998,69.639999,61.708698,5612300
2011-07-15,70.120003,72.989998,70.029999,72.930000,64.623978,6074500
2011-07-18,72.190002,72.980003,71.800003,72.489998,64.234085,3549400
2011-07-19,73.199997,74.750000,73.150002,74.120003,65.678467,3057000
2011-07-20,74.550003,74.559998,72.750000,72.809998,64.517654,2629800
2011-07-21,73.089996,74.370003,73.050003,74.139999,65.696190,2457800
2011-07-22,74.290001,74.660004,73.669998,74.370003,65.899963,2037800
2011-07-25,73.250000,74.870003,73.040001,74.150002,65.705032,2280200
2011-07-26,74.320000,74.730003,72.930000,73.089996,64.765770,3217300
2011-07-27,70.699997,72.220001,69.820000,70.279999,62.275795,8590200
2011-07-28,69.160004,71.629997,69.029999,70.449997,62.426430,5650000
2011-07-29,68.949997,69.589996,68.370003,68.559998,60.751675,5136000
2011-08-01,70.019997,70.029999,67.699997,68.440002,60.645359,3553400
2011-08-02,67.980003,68.910004,65.940002,66.019997,58.500965,4855200
2011-08-03,66.000000,66.330002,63.669998,65.139999,57.721191,5832600
2011-08-04,64.169998,64.169998,60.860001,61.299999,54.318527,6842400
2011-08-05,62.299999,62.880001,57.610001,59.860001,53.042526,8362200
2011-08-08,57.560001,58.250000,53.130001,53.549999,47.451176,7848200
2011-08-09,54.830002,56.189999,52.630001,56.020000,49.639870,7126200
2011-08-10,54.919998,55.910000,53.840000,54.049999,47.894222,9236700
2011-08-11,54.500000,57.799999,53.730000,56.720001,50.260155,12625700
2011-08-12,57.480000,57.799999,56.250000,57.040001,50.543705,5506100
2011-08-15,57.189999,60.240002,57.160000,60.209999,53.352680,4719800
2011-08-16,59.529999,60.610001,58.619999,59.200001,52.457691,5141200
2011-08-17,60.020000,60.919998,59.090000,59.549999,52.767834,3275700
2011-08-18,57.070000,57.070000,54.500000,55.599998,49.267700,6200400
2011-08-19,54.430000,56.590000,54.000000,54.290001,48.106899,4969900
2011-08-22,56.040001,56.250000,53.740002,53.910000,47.770176,4621500
2011-08-23,54.250000,55.430000,53.299999,55.380001,49.072750,5720500
2011-08-24,54.990002,56.270000,54.480000,56.200001,49.799370,3250300
2011-08-25,56.599998,56.820000,54.299999,54.599998,48.381596,3432200
2011-08-26,54.020000,56.000000,53.480000,55.700001,49.356319,3506500
2011-08-29,56.709999,58.630001,56.599998,58.590000,51.917175,3485800
2011-08-30,57.299999,58.590000,56.610001,58.220001,51.589317,5150900
2011-08-31,58.720001,59.990002,58.369999,59.340000,52.581753,4626500
2011-09-01,59.509998,60.560001,58.500000,59.820000,53.007076,7403600
2011-09-02,57.910000,58.570000,57.320000,58.009998,51.403221,5784200
2011-09-06,55.849998,56.820000,55.360001,56.730000,50.269005,4683100
2011-09-07,58.009998,59.270000,57.660000,59.259998,52.510849,2762700
2011-09-08,59.070000,61.750000,58.599998,59.840000,53.024815,5914000
2011-09-09,58.939999,59.759998,56.860001,57.740002,51.163979,5478300
2011-09-12,56.639999,58.009998,56.119999,57.990002,51.385502,6636100
2011-09-13,58.200001,60.080002,57.290001,59.660000,52.865311,6557500
2011-09-14,60.160000,61.380001,58.759998,60.400002,53.521027,4544700
2011-09-15,61.340000,61.840000,60.619999,61.250000,54.364239,3186300
2011-09-16,61.470001,62.330002,60.650002,61.610001,54.683765,4374100
2011-09-19,59.900002,61.230000,59.000000,60.759998,53.929317,3797900
2011-09-20,60.970001,61.639999,59.610001,59.759998,53.041737,3000000
2011-09-21,59.669998,60.000000,56.430000,56.490002,50.139359,4431100
2011-09-22,54.070000,54.220001,50.759998,51.770000,45.949978,8615400
2011-09-23,51.200001,52.320000,50.930000,51.480000,45.692585,4490000
2011-09-26,52.020000,54.169998,50.419998,54.090000,48.009163,5592800
2011-09-27,55.779999,58.400002,55.200001,56.869999,50.476635,6542900
2011-09-28,57.150002,58.290001,54.720001,54.759998,48.603851,4936900
2011-09-29,56.590000,56.669998,54.130001,55.540001,49.296162,4374900
2011-09-30,54.230000,54.759998,52.430000,52.459999,46.562397,4169900
2011-10-03,52.360001,52.450001,49.310001,49.459999,43.899666,6059100
2011-10-04,48.500000,52.040001,46.660000,51.950001,46.109753,6300000
2011-10-05,52.220001,53.580002,51.400002,53.459999,47.449978,4612200
2011-10-06,53.650002,55.040001,52.590000,54.689999,48.541710,3553400
2011-10-07,55.090000,55.220001,52.459999,53.200001,47.219223,3752200
2011-10-10,54.709999,56.389999,54.709999,56.090000,49.784328,2816300
2011-10-11,55.360001,56.669998,54.980000,55.610001,49.358284,3311400
2011-10-12,56.349998,57.259998,55.700001,56.099998,49.793190,3126100
2011-10-13,55.520000,55.700001,54.000000,55.090000,48.896751,3344500
2011-10-14,56.490002,57.549999,56.369999,57.470001,51.009178,3302400
2011-10-17,57.049999,58.220001,56.650002,56.820000,50.432247,4374100
2011-10-18,56.660000,58.840000,55.130001,58.209999,51.665993,6915300
2011-10-19,58.180000,60.049999,57.900002,58.919998,52.296169,4638600
2011-10-20,58.849998,59.250000,56.619999,58.810001,52.198536,4013700
2011-10-21,59.880001,60.840000,58.779999,59.799999,53.077236,3793800
2011-10-24,60.209999,61.320000,59.970001,61.000000,54.142338,3778100
2011-10-25,60.860001,60.959999,58.689999,58.779999,52.171906,3993600
2011-10-26,56.580002,60.590000,56.299999,60.380001,53.592049,7645100
2011-10-27,63.599998,66.489998,62.480000,64.580002,57.319862,10631500
2011-10-28,64.309998,65.900002,63.680000,65.660004,58.278454,5334700
2011-10-31,64.820000,65.660004,62.080002,62.560001,55.526958,6279800
2011-11-01,59.369999,60.220001,58.439999,58.939999,52.313927,5809000
2011-11-02,60.459999,61.180000,59.529999,60.450001,53.654175,3234000
2011-11-03,61.150002,63.139999,60.310001,62.910000,55.837608,4124000
2011-11-04,62.680000,63.900002,62.220001,63.439999,56.308014,3322200
2011-11-07,63.619999,64.540001,61.880001,63.389999,56.263649,2792500
2011-11-08,64.000000,64.989998,62.970001,64.760002,57.479637,2759800
2011-11-09,62.189999,63.130001,61.279999,61.389999,54.488495,3995800
2011-11-10,62.730000,64.389999,61.810001,63.849998,56.671940,4450000
2011-11-11,65.029999,66.309998,64.760002,65.089996,57.772537,3559300
2011-11-14,64.230003,64.959999,63.250000,64.120003,56.911587,2114900
2011-11-15,63.660000,64.160004,62.900002,63.400002,56.272541,2581500
2011-11-16,62.520000,64.489998,62.259998,62.529999,55.500332,3693600
2011-11-17,62.500000,63.099998,60.000000,60.369999,53.583168,4676200
2011-11-18,61.000000,61.709999,59.500000,59.730000,53.015106,3950100
2011-11-21,58.480000,58.869999,57.500000,58.470001,51.896767,2918100
2011-11-22,58.200001,59.480000,57.840000,58.029999,51.506229,3918600
2011-11-23,57.029999,57.200001,54.660000,55.009998,48.825741,4585200
2011-11-25,54.689999,55.680000,54.330002,54.330002,48.222187,1498400
2011-11-28,56.549999,57.419998,56.150002,56.740002,50.361259,3364200
2011-11-29,56.740002,58.430000,56.540001,57.389999,50.938175,3351600
2011-11-30,59.439999,61.130001,58.959999,60.220001,53.450031,4867200
2011-12-01,59.930000,61.130001,59.320000,59.490002,52.802090,3244100
2011-12-02,60.360001,60.689999,59.560001,59.650002,52.944103,2760000
2011-12-05,61.139999,61.840000,60.240002,60.759998,53.929317,3043700
2011-12-06,60.689999,60.990002,59.840000,60.419998,53.627533,3028100
2011-12-07,60.000000,60.310001,58.529999,59.810001,53.086117,2970700
2011-12-08,59.380001,59.459999,57.150002,57.430000,50.973682,3229200
2011-12-09,57.750000,58.759998,57.680000,58.470001,51.896767,3065900
2011-12-12,57.419998,57.439999,55.369999,56.349998,50.015095,3377000
2011-12-13,57.279999,58.490002,55.869999,56.270000,49.944077,4207800
2011-12-14,55.689999,55.799999,53.599998,53.820000,47.769512,4014600
2011-12-15,54.820000,55.200001,54.049999,54.689999,48.541710,3635900
2011-12-16,55.119999,55.240002,53.660000,54.310001,48.292736,3732900
2011-12-19,54.299999,54.320000,52.910000,53.080002,47.199013,3092000
2011-12-20,54.430000,55.750000,54.279999,55.500000,49.350887,3004400
2011-12-21,55.490002,56.160000,54.950001,55.820000,49.635429,2428500
2011-12-22,56.110001,56.869999,56.049999,56.650002,50.373470,2231500
2011-12-23,56.770000,56.959999,56.230000,56.959999,50.649132,1464400
2011-12-27,57.049999,57.590000,57.029999,57.169998,50.835854,1601700
2011-12-28,57.110001,57.450001,55.810001,55.950001,49.751026,1672400
2011-12-29,56.009998,56.619999,55.840000,56.470001,50.213417,1640000
2011-12-30,56.520000,57.220001,56.490002,56.799999,50.506855,1902700
2012-01-03,58.720001,59.110001,58.049999,58.400002,51.929585,4572400
2012-01-04,58.250000,59.080002,57.810001,59.000000,52.463112,4913900
2012-01-05,58.450001,58.660000,57.369999,57.599998,51.218216,6649600
2012-01-06,57.570000,57.590000,55.939999,56.419998,50.168961,4984300
2012-01-09,56.450001,57.259998,56.340000,56.900002,50.595768,3542200
2012-01-10,58.119999,58.919998,58.119999,58.560001,52.071854,4307500
2012-01-11,58.189999,58.380001,57.669998,57.939999,51.520554,3301100
2012-01-12,58.000000,58.560001,56.990002,57.009998,50.693588,4896000
2012-01-13,56.509998,56.959999,56.090000,56.549999,50.284554,3715800
2012-01-17,57.560001,58.209999,57.040001,57.389999,51.031475,3801300
2012-01-18,58.130001,59.720001,57.669998,59.669998,53.058868,5571000
2012-01-19,59.970001,61.480000,59.560001,61.189999,54.410465,5959700
2012-01-20,61.099998,61.349998,60.439999,61.270000,54.481598,3694700
2012-01-23,61.220001,62.060001,61.070000,61.650002,54.819508,3121000
2012-01-24,61.000000,61.000000,59.650002,60.320000,53.636856,4396900
2012-01-25,59.680000,60.660000,57.160000,57.310001,50.960346,11204500
2012-01-26,58.130001,58.330002,54.759998,54.990002,48.897388,9590200
2012-01-27,54.580002,55.630001,54.290001,55.259998,49.137463,6372300
2012-01-30,55.090000,55.340000,54.099998,55.150002,49.039658,4341300
2012-01-31,56.349998,56.459999,55.020000,56.299999,50.062241,7792400
2012-02-01,56.840000,57.090000,56.230000,56.730000,50.444611,5227400
2012-02-02,56.889999,58.049999,56.529999,57.810001,51.404945,5330200
2012-02-03,58.689999,60.650002,58.349998,60.380001,53.690208,6484000
2012-02-06,59.869999,61.169998,59.540001,61.119999,54.348225,4176700
2012-02-07,60.779999,62.480000,60.150002,61.180000,54.401585,8031800
2012-02-08,61.480000,61.480000,60.090000,60.459999,53.761345,6281700
2012-02-09,60.750000,63.450001,60.730000,63.250000,56.242222,8076900
2012-02-10,62.040001,62.860001,61.730000,61.820000,54.970669,4598400
2012-02-13,62.740002,63.439999,61.950001,62.259998,55.361916,3148600
2012-02-14,62.150002,62.450001,61.340000,61.900002,55.041801,3318800
2012-02-15,62.130001,65.050003,62.000000,64.129997,57.024727,7796200
2012-02-16,64.070000,65.070000,63.660000,64.879997,57.691631,4377800
2012-02-17,65.349998,65.800003,64.440002,65.150002,57.931725,4137100
2012-02-21,65.150002,67.019997,65.150002,65.500000,58.242950,5106800
2012-02-22,65.949997,65.949997,64.470001,65.230003,58.002853,3658300
2012-02-23,65.309998,66.389999,64.589996,66.379997,59.025436,3515700
2012-02-24,66.650002,67.279999,66.500000,67.000000,59.576752,3561400
2012-02-27,66.559998,67.860001,66.459999,67.000000,59.576752,3863200
2012-02-28,67.059998,67.470001,65.410004,65.860001,58.563057,4353900
2012-02-29,65.870003,66.360001,64.790001,64.919998,57.727196,4705000
2012-03-01,65.349998,66.830002,65.330002,66.160004,58.829811,4170000
2012-03-02,65.839996,66.349998,65.110001,65.430000,58.180695,4334900
2012-03-05,65.010002,65.250000,63.880001,64.699997,57.531567,4131000
2012-03-06,63.610001,63.910000,62.500000,63.500000,56.464523,4421200
2012-03-07,63.669998,64.669998,62.849998,64.139999,57.033627,2628900
2012-03-08,64.790001,65.150002,63.369999,64.559998,57.407085,3450300
2012-03-09,64.370003,64.580002,62.869999,63.040001,56.055496,5441900
2012-03-12,63.090000,63.250000,61.849998,62.669998,55.726490,4934800
2012-03-13,62.910000,63.169998,62.000000,63.009998,56.028816,3444600
2012-03-14,63.000000,63.799999,61.389999,61.770000,55.013512,4468600
2012-03-15,61.849998,62.650002,61.270000,61.490002,54.764145,4143600
2012-03-16,61.700001,63.009998,61.639999,62.549999,55.708199,5001100
2012-03-19,62.549999,63.669998,62.500000,63.270000,56.349442,2622600
2012-03-20,62.590000,62.590000,61.500000,61.689999,54.942265,2715000
2012-03-21,61.720001,61.840000,60.880001,61.220001,54.523682,3621900
2012-03-22,60.650002,60.779999,58.790001,59.220001,52.742439,4990800
2012-03-23,59.220001,60.049999,58.560001,59.860001,53.312435,3751700
2012-03-26,60.660000,60.730000,59.759998,60.139999,53.561802,3181400
2012-03-27,60.349998,60.490002,59.639999,59.669998,53.143211,2666100
2012-03-28,59.230000,59.500000,58.029999,58.630001,52.216957,3933800
2012-03-29,58.070000,58.650002,57.349998,58.430000,52.038860,3832700
2012-03-30,58.830002,59.279999,58.139999,58.950001,52.501976,2663800
2012-04-02,58.709999,60.200001,58.639999,59.549999,53.036343,3352700
2012-04-03,59.419998,59.529999,58.380001,58.939999,52.493053,2948600
2012-04-04,58.189999,58.900002,57.700001,58.580002,52.172443,4537900
2012-04-05,57.849998,59.049999,57.540001,57.869999,51.540108,3336700
2012-04-09,56.529999,57.450001,56.380001,56.740002,50.533707,2927500
2012-04-10,56.869999,56.990002,55.169998,55.450001,49.384792,3524800
2012-04-11,56.130001,56.400002,55.259998,55.470001,49.402626,3898700
2012-04-12,55.630001,56.930000,55.549999,56.660000,50.462452,3376000
2012-04-13,56.400002,56.650002,55.250000,55.279999,49.233391,3245300
2012-04-16,55.570000,55.860001,54.080002,54.259998,48.324966,3567200
2012-04-17,54.880001,55.930000,54.610001,55.570000,49.491669,3130900
2012-04-18,55.380001,55.830002,54.849998,55.150002,49.117611,2454400
2012-04-19,55.279999,56.000000,54.930000,55.250000,49.206680,2485000
2012-04-20,55.660000,56.250000,55.000000,55.070000,49.046360,3188900
2012-04-23,53.830002,54.349998,53.080002,54.119999,48.200279,4340600
2012-04-24,54.130001,55.299999,53.910000,55.040001,49.019657,4476000
2012-04-25,56.049999,56.189999,50.310001,51.180000,45.581860,20989300
2012-04-26,50.779999,53.189999,50.709999,51.750000,46.089512,11646300
2012-04-27,51.810001,51.980000,51.220001,51.540001,45.902485,8290000
2012-04-30,51.540001,52.480000,51.349998,52.139999,46.436859,5280800
2012-05-01,52.400002,54.310001,52.299999,54.029999,48.120117,6961200
2012-05-02,53.689999,54.450001,53.000000,54.040001,48.129028,6235600
2012-05-03,53.540001,53.990002,52.099998,52.400002,46.668407,5151900
2012-05-04,51.790001,52.000000,50.360001,50.939999,45.368111,5470600
2012-05-07,50.869999,51.040001,50.020000,50.340000,44.833729,4763700
2012-05-08,50.060001,50.090000,48.619999,49.849998,44.397350,6451100
2012-05-09,49.849998,49.849998,48.299999,48.650002,43.328606,7078000
2012-05-10,49.349998,49.860001,48.389999,48.549999,43.239540,4854300
2012-05-11,48.180000,49.349998,47.810001,47.950001,42.705170,3942200
2012-05-14,47.200001,47.240002,46.500000,46.630001,41.529545,5763000
2012-05-15,46.700001,47.119999,45.099998,45.320000,40.362831,6959500
2012-05-16,45.650002,46.490002,44.099998,44.240002,39.400970,8374800
2012-05-17,44.360001,45.799999,44.360001,45.150002,40.211430,6940400
2012-05-18,45.380001,45.790001,44.369999,44.599998,39.721596,5874400
2012-05-21,44.779999,46.090000,44.779999,46.040001,41.004089,6388500
2012-05-22,46.029999,46.880001,45.450001,45.770000,40.763615,5144200
2012-05-23,45.080002,46.650002,44.650002,46.630001,41.529545,5700000
2012-05-24,46.680000,46.740002,45.790001,46.509998,41.422676,4487800
2012-05-25,46.299999,47.150002,46.299999,46.689999,41.582977,3327500
2012-05-29,47.299999,48.000000,46.860001,47.419998,42.233131,4260700
2012-05-30,46.680000,46.680000,45.150002,45.380001,40.416271,4210600
2012-05-31,45.490002,45.610001,43.310001,43.700001,38.920040,9572700
2012-06-01,43.700001,43.700001,42.220001,42.650002,37.984894,7454400
2012-06-04,42.820000,43.130001,41.849998,42.680000,38.011604,4866000
2012-06-05,42.509998,43.680000,42.509998,43.009998,38.305492,3582200
2012-06-06,43.740002,45.389999,43.740002,45.099998,40.166897,6714900
2012-06-07,45.880001,46.480000,44.650002,44.759998,39.864082,3825900
2012-06-08,44.200001,44.930000,43.939999,44.720001,39.828468,3008300
2012-06-11,45.290001,45.790001,43.919998,43.980000,39.169399,4196400
2012-06-12,44.139999,44.570000,43.500000,43.930000,39.124882,4176200
2012-06-13,43.590000,44.009998,42.919998,43.130001,38.412373,4783200
2012-06-14,43.150002,44.029999,42.810001,43.950001,39.233650,4525000
2012-06-15,44.200001,44.889999,43.680000,44.799999,39.992451,3887700
2012-06-18,44.220001,44.220001,43.119999,43.709999,39.019405,3339000
2012-06-19,43.980000,44.630001,43.570000,44.330002,39.572880,3155200
2012-06-20,44.389999,44.830002,43.660000,44.209999,39.465759,4112500
2012-06-21,44.189999,44.189999,40.910000,40.970001,36.573448,8200700
2012-06-22,41.320000,41.590000,40.560001,41.000000,36.600220,6392700
2012-06-25,40.410000,40.509998,39.669998,39.950001,35.662899,5394700
2012-06-26,39.950001,40.619999,39.680000,39.990002,35.698616,4037700
2012-06-27,40.200001,41.220001,40.000000,41.000000,36.600220,5388100
2012-06-28,40.590000,41.299999,40.279999,41.119999,36.707344,6165600
2012-06-29,42.200001,43.450001,42.009998,43.450001,38.787312,6944800
2012-07-02,43.139999,43.840000,42.630001,43.459999,38.796234,3588800
2012-07-03,44.330002,45.340000,44.029999,45.299999,40.438786,5022700
2012-07-05,45.029999,45.029999,44.000000,44.290001,39.537170,4621100
2012-07-06,43.570000,43.770000,43.040001,43.320000,38.671257,2751300
2012-07-09,43.200001,43.590000,42.570000,43.310001,38.662327,3665900
2012-07-10,43.630001,43.820000,41.939999,42.299999,37.760715,4079200
2012-07-11,42.470001,44.060001,42.369999,43.680000,38.992626,4600600
2012-07-12,43.009998,43.040001,42.150002,42.599998,38.028526,3647300
2012-07-13,42.779999,43.380001,42.599998,43.290001,38.644482,3848800
2012-07-16,43.290001,43.810001,42.840000,43.500000,38.831944,3350700
2012-07-17,43.750000,44.180000,43.020000,44.099998,39.367569,3827300
2012-07-18,43.680000,45.180000,43.680000,44.900002,40.081715,4014300
2012-07-19,45.330002,45.459999,44.540001,44.990002,40.162064,4553000
2012-07-20,44.869999,45.500000,44.700001,45.400002,40.528049,4739600
2012-07-23,43.520000,44.580002,43.279999,44.410000,39.644291,3798700
2012-07-24,44.330002,44.490002,43.299999,43.930000,39.215797,4567500
2012-07-25,45.619999,46.419998,43.110001,45.459999,40.581608,12393200
2012-07-26,46.650002,47.689999,46.430000,47.560001,42.456264,6840200
2012-07-27,47.959999,48.709999,47.529999,48.360001,43.170414,7222600
2012-07-30,48.299999,48.580002,47.689999,48.180000,43.009727,3889000
2012-07-31,47.919998,48.630001,47.099998,47.160000,42.099182,4055100
2012-08-01,47.599998,48.310001,46.700001,47.799999,42.670506,3587200
2012-08-02,47.009998,47.820000,46.000000,46.520000,41.527870,3737100
2012-08-03,47.820000,48.320000,47.520000,47.709999,42.590168,3896400
2012-08-06,48.040001,49.020000,47.919998,48.279999,43.098995,3837300
2012-08-07,48.869999,49.830002,48.840000,49.419998,44.116665,3873400
2012-08-08,48.790001,50.250000,48.599998,50.029999,44.661205,4013100
2012-08-09,50.000000,50.000000,49.349998,49.590000,44.268414,3883100
2012-08-10,49.110001,49.680000,48.849998,49.680000,44.348759,2575600
2012-08-13,49.509998,49.799999,48.860001,49.090000,43.822079,2536300
2012-08-14,49.320000,49.759998,49.270000,49.580002,44.259510,2916600
2012-08-15,49.340000,49.560001,49.009998,49.230000,43.947056,3260800
2012-08-16,49.160000,50.230000,49.160000,50.009998,44.643353,3031900
2012-08-17,50.090000,50.160000,49.090000,49.310001,44.018463,4399400
2012-08-20,49.310001,50.700001,49.240002,50.490002,45.071831,3149300
2012-08-21,50.750000,50.900002,50.340000,50.470001,45.053993,2671100
2012-08-22,50.150002,50.650002,49.540001,50.450001,45.036133,2833700
2012-08-23,50.400002,50.529999,49.759998,49.779999,44.438023,2104000
2012-08-24,49.599998,50.330002,48.980000,50.189999,44.804031,2727000
2012-08-27,50.200001,50.320000,49.689999,49.869999,44.518360,2391700
2012-08-28,50.180000,51.139999,49.939999,50.840000,45.384277,3232100
2012-08-29,50.950001,51.029999,50.310001,50.540001,45.116474,2451700
2012-08-30,50.290001,50.330002,49.630001,49.680000,44.348759,1863500
2012-08-31,50.209999,50.919998,50.049999,50.529999,45.107536,2188400
2012-09-04,50.570000,50.570000,49.169998,49.650002,44.321991,2423500
2012-09-05,49.310001,49.619999,48.700001,49.310001,44.018463,3318000
2012-09-06,49.930000,51.400002,49.919998,50.820000,45.366417,3362200
2012-09-07,51.110001,53.310001,50.930000,52.900002,47.223206,5288900
2012-09-10,52.869999,54.090000,52.419998,53.130001,47.428528,4005600
2012-09-11,53.910000,54.689999,53.520000,54.590000,48.731857,3927100
2012-09-12,54.840000,55.000000,54.220001,54.779999,48.901470,2928800
2012-09-13,54.860001,56.240002,54.080002,55.599998,49.724243,4310700
2012-09-14,55.759998,57.340000,55.759998,56.060001,50.135628,5084300
2012-09-17,55.750000,56.430000,55.110001,55.490002,49.625870,2935000
2012-09-18,55.259998,55.650002,54.669998,55.500000,49.634811,2352700
2012-09-19,54.950001,55.459999,54.639999,55.099998,49.277088,4038000
2012-09-20,54.820000,55.500000,54.250000,55.439999,49.581154,2690000
2012-09-21,55.930000,56.320000,55.520000,55.639999,49.760014,3635400
2012-09-24,54.820000,55.090000,54.400002,54.779999,48.990902,2653100
2012-09-25,54.990002,55.400002,53.580002,53.599998,47.935600,3070300
2012-09-26,53.349998,53.349998,51.869999,52.400002,46.862415,4719500
2012-09-27,52.820000,53.950001,52.570000,53.770000,48.087635,2594900
2012-09-28,53.459999,53.889999,53.020000,53.720001,48.042912,2715600
2012-10-01,53.849998,54.599998,53.759998,53.950001,48.248623,2256500
2012-10-02,54.090000,54.349998,53.220001,53.500000,47.846169,2188500
2012-10-03,53.549999,53.549999,52.119999,52.639999,47.077057,2977500
2012-10-04,52.840000,54.099998,52.730000,53.980000,48.275444,2670400
2012-10-05,54.369999,54.470001,53.349998,53.560001,47.899830,3006800
2012-10-08,53.209999,53.910000,52.799999,53.630001,47.962425,2247400
2012-10-09,53.740002,54.389999,53.619999,53.730000,48.051861,2299400
2012-10-10,53.549999,53.939999,52.439999,52.610001,47.050228,3815900
2012-10-11,53.209999,54.169998,53.099998,53.330002,47.694138,2459400
2012-10-12,53.070000,53.560001,52.750000,53.279999,47.649422,2109000
2012-10-15,53.099998,53.279999,52.160000,52.939999,47.345345,2571000
2012-10-16,53.580002,55.090000,53.410000,54.990002,49.178707,4536000
2012-10-17,55.250000,55.790001,54.970001,55.619999,49.742134,2392100
2012-10-18,55.389999,55.720001,54.849998,55.320000,49.473850,2358100
2012-10-19,55.279999,55.540001,54.150002,54.279999,48.543739,2545700
2012-10-22,54.340000,55.090000,53.650002,54.509998,48.749439,2836600
2012-10-23,53.410000,53.410000,51.709999,52.369999,46.835594,5880700
2012-10-24,52.470001,53.020000,51.599998,52.529999,46.978680,4332900
2012-10-25,53.270000,53.939999,52.540001,53.900002,48.203903,3739900
2012-10-26,53.770000,54.169998,52.840000,53.240002,47.613655,2686300
2012-10-31,53.820000,54.230000,51.970001,52.259998,46.737217,3765100
2012-11-01,52.209999,53.180000,52.110001,52.650002,47.086006,3444100
2012-11-02,54.680000,55.349998,52.470001,53.389999,47.747795,6254900
2012-11-05,53.880001,54.980000,53.840000,54.900002,49.098225,4485600
2012-11-06,55.060001,55.959999,54.639999,55.520000,49.652691,3417600
2012-11-07,54.639999,54.639999,52.820000,53.119999,47.506340,4303400
2012-11-08,53.009998,53.470001,52.180000,52.200001,46.683548,3730700
2012-11-09,52.020000,52.160000,50.549999,50.730000,45.368900,8108700
2012-11-12,50.709999,50.709999,50.080002,50.570000,45.225815,3011600
2012-11-13,50.119999,51.029999,49.639999,49.959999,44.680283,4097500
2012-11-14,50.099998,50.419998,49.139999,49.529999,44.295719,4412200
2012-11-15,49.480000,49.849998,48.380001,48.889999,43.723358,6027700
2012-11-16,49.099998,49.340000,48.200001,48.910000,43.741241,5294600
2012-11-19,49.779999,50.490002,49.759998,50.490002,45.154259,4004300
2012-11-20,50.130001,50.459999,49.279999,49.549999,44.313606,3598400
2012-11-21,49.939999,50.119999,49.400002,50.099998,44.805481,2000900
2012-11-23,50.299999,51.160000,50.049999,51.119999,45.717686,1233300
2012-11-26,50.610001,50.619999,49.480000,49.900002,44.626617,2741600
2012-11-27,49.830002,50.259998,49.330002,49.380001,44.161572,2826700
2012-11-28,48.759998,49.889999,48.400002,49.849998,44.581905,2992900
2012-11-29,50.209999,50.650002,50.200001,50.500000,45.163200,3132700
2012-11-30,50.320000,50.490002,49.270000,49.610001,44.367268,3610300
2012-12-03,50.110001,50.500000,49.279999,49.570000,44.331497,2437700
2012-12-04,49.610001,49.820000,48.689999,48.869999,43.705471,3218300
2012-12-05,49.130001,49.849998,49.040001,49.470001,44.242058,3242500
2012-12-06,49.310001,49.470001,48.299999,49.110001,43.920105,3278400
2012-12-07,49.240002,49.720001,48.950001,49.689999,44.438812,1889000
2012-12-10,49.669998,50.290001,49.490002,50.020000,44.733936,2801400
2012-12-11,50.250000,51.060001,50.180000,50.570000,45.225815,2584800
2012-12-12,50.820000,52.740002,50.770000,52.020000,46.522572,5261300
2012-12-13,51.840000,52.549999,51.250000,51.840000,46.450886,3943000
2012-12-14,51.360001,52.009998,50.990002,51.380001,46.038727,4571900
2012-12-17,51.509998,52.470001,51.389999,52.250000,46.818268,3222300
2012-12-18,52.119999,54.150002,52.119999,54.049999,48.431149,4124500
2012-12-19,54.000000,54.080002,53.020000,53.040001,47.526146,2663000
2012-12-20,53.040001,53.540001,53.040001,53.459999,47.902473,2098100
2012-12-21,52.830002,53.540001,52.470001,53.389999,47.839752,5910900
2012-12-24,53.230000,53.299999,52.500000,52.639999,47.167732,959300
2012-12-26,52.869999,53.320000,52.290001,52.320000,46.880997,1562600
2012-12-27,52.290001,52.619999,51.770000,52.450001,46.997486,3198200
2012-12-28,52.040001,52.180000,51.250000,51.279999,45.949120,2923500
2012-12-31,51.009998,53.000000,50.900002,52.959999,47.454464,2973400
2013-01-02,54.130001,54.130001,53.060001,53.709999,48.126492,5446900
2013-01-03,53.599998,54.700001,53.320000,54.200001,48.565559,3887600
2013-01-04,54.160000,55.040001,54.099998,55.020000,49.300304,2371200
2013-01-07,55.619999,55.939999,55.099998,55.840000,50.035072,4536200
2013-01-08,55.750000,55.790001,54.820000,55.410000,49.649769,3370800
2013-01-09,55.790001,56.549999,55.200001,55.599998,49.820015,4542400
2013-01-10,56.410000,56.709999,55.889999,56.610001,50.725018,3789300
2013-01-11,56.799999,56.869999,55.980000,56.250000,50.402451,3477500
2013-01-14,56.490002,56.849998,56.119999,56.419998,50.554779,2849400
2013-01-15,56.099998,56.779999,55.830002,56.669998,50.778778,3936300
2013-01-16,56.410000,57.169998,56.369999,57.029999,51.101357,2771800
2013-01-17,57.189999,57.599998,56.650002,57.299999,51.343281,2707500
2013-01-18,57.480000,57.680000,56.860001,57.660000,51.665871,3163600
2013-01-22,57.770000,58.980000,57.419998,58.869999,52.750072,5782700
2013-01-23,58.570000,58.580002,57.599998,57.830002,51.818195,3372400
2013-01-24,57.840000,58.680000,57.799999,58.439999,52.364777,2996200
2013-01-25,58.470001,58.990002,58.400002,58.900002,52.776962,2552300
2013-01-28,63.150002,63.759998,61.509998,62.480000,55.984795,14383600
2013-01-29,67.830002,70.769997,67.129997,68.110001,61.029541,24404200
2013-01-30,67.620003,68.489998,66.050003,67.879997,60.823418,11845200
2013-01-31,65.720001,67.790001,64.610001,67.160004,60.178284,6978500
2013-02-01,67.370003,68.949997,67.050003,68.209999,61.119129,4800000
2013-02-04,66.959999,67.839996,66.800003,67.489998,60.473972,4636300
2013-02-05,67.919998,67.919998,66.000000,66.019997,59.156780,5580000
2013-02-06,65.779999,66.839996,65.779999,66.650002,59.721294,4588700
2013-02-07,66.500000,66.839996,65.980003,66.570000,59.649605,2638200
2013-02-08,66.690002,67.680000,66.690002,67.370003,60.366436,2760400
2013-02-11,67.120003,67.120003,66.339996,66.739998,59.801926,2299500
2013-02-12,66.709999,67.379997,66.480003,66.980003,60.016994,2525200
2013-02-13,67.000000,68.440002,66.989998,67.959999,60.895111,10539000
2013-02-14,67.760002,68.959999,67.529999,68.349998,61.244564,3537100
2013-02-15,68.180000,68.389999,67.019997,67.419998,60.411247,4047600
2013-02-19,67.690002,68.459999,67.419998,68.209999,61.119129,2669200
2013-02-20,68.110001,68.169998,65.839996,66.010002,59.147839,3854400
2013-02-21,65.720001,65.930000,63.900002,64.400002,57.705204,6312400
2013-02-22,65.040001,66.099998,64.379997,66.029999,59.165752,2384800
2013-02-25,66.449997,66.970001,63.720001,63.740002,57.113804,2764500
2013-02-26,64.169998,65.050003,63.400002,64.610001,57.893368,3918900
2013-02-27,64.239998,66.080002,64.059998,65.680000,58.852127,2529300
2013-02-28,65.709999,67.230003,65.449997,66.500000,59.586891,3399000
2013-03-01,66.040001,66.550003,65.180000,66.540001,59.622738,4601000
2013-03-04,69.110001,70.000000,68.260002,68.839996,61.683636,10307800
2013-03-05,69.930000,70.489998,69.480003,69.820000,62.561764,6545500
2013-03-06,70.300003,70.459999,69.260002,69.489998,62.266068,3565200
2013-03-07,69.879997,69.919998,68.800003,69.040001,61.862835,2952100
2013-03-08,69.269997,69.650002,68.839996,69.470001,62.248146,3226800
2013-03-11,69.230003,69.959999,68.650002,69.889999,62.624485,2761500
2013-03-12,69.930000,70.849998,69.769997,70.379997,63.063534,4150900
2013-03-13,70.320000,71.989998,70.040001,71.690002,64.328766,3955700
2013-03-14,71.669998,72.120003,71.349998,71.970001,64.580002,3210500
2013-03-15,71.589996,72.559998,71.339996,72.510002,65.064552,4489800
2013-03-18,71.519997,72.629997,71.330002,72.220001,64.804337,2444100
2013-03-19,72.169998,72.400002,69.040001,70.000000,62.812294,3841600
2013-03-20,70.570000,70.699997,69.790001,69.900002,62.722580,2450200
2013-03-21,69.419998,70.360001,69.239998,69.269997,62.157249,2337800
2013-03-22,69.620003,70.370003,69.529999,70.269997,63.054554,2287800
2013-03-25,71.000000,71.739998,70.360001,70.440002,63.207115,3246300
2013-03-26,70.669998,71.349998,70.279999,71.110001,63.808311,2443200
2013-03-27,70.760002,72.230003,70.110001,72.029999,64.633865,2585600
2013-03-28,72.000000,72.500000,71.129997,71.610001,64.256958,2691100
2013-04-01,71.570000,74.480003,71.360001,73.540001,65.988785,4507900
2013-04-02,73.730003,74.220001,72.779999,74.139999,66.527168,2992400
2013-04-03,74.250000,74.250000,71.839996,72.059998,64.660744,3411100
2013-04-04,72.099998,72.239998,70.650002,71.790001,64.418488,2784200
2013-04-05,71.000000,72.110001,70.389999,71.690002,64.328766,1661000
2013-04-08,72.000000,72.440002,71.349998,72.440002,65.001747,1890800
2013-04-09,72.480003,73.599998,71.879997,73.300003,65.773453,3167400
2013-04-10,73.330002,73.680000,72.669998,72.919998,65.432449,1861800
2013-04-11,73.120003,73.279999,71.989998,72.660004,65.199150,1599000
2013-04-12,72.150002,72.150002,70.699997,71.389999,64.059578,1897100
2013-04-15,69.680000,69.820000,67.940002,67.970001,60.990742,3280300
2013-04-16,68.970001,69.330002,67.779999,68.790001,61.726551,2673500
2013-04-17,68.010002,68.050003,65.669998,66.910004,60.039577,3209900
2013-04-18,66.959999,67.540001,66.110001,67.019997,60.138260,2991500
2013-04-19,67.230003,67.290001,66.550003,66.779999,59.922939,4454700
2013-04-22,67.290001,68.370003,66.779999,67.900002,60.927914,5272200
2013-04-23,68.180000,68.940002,67.669998,68.209999,61.206089,3078400
2013-04-24,69.279999,70.730003,69.050003,70.120003,62.919971,3998800
2013-04-25,70.269997,72.260002,70.059998,71.160004,63.853180,3177500
2013-04-26,71.019997,71.489998,70.820000,70.989998,63.700638,3405000
2013-04-29,71.639999,72.500000,71.379997,72.199997,64.786385,1884300
2013-04-30,72.080002,72.180000,70.790001,72.180000,64.768433,3309600
2013-05-01,71.620003,71.620003,70.419998,70.709999,63.449379,2718100
2013-05-02,71.900002,72.410004,71.029999,72.209999,64.795372,2234900
2013-05-03,73.000000,73.910004,72.910004,73.000000,65.504265,4779700
2013-05-06,72.900002,73.349998,72.449997,72.459999,65.019691,2827900
2013-05-07,72.690002,73.089996,71.940002,72.260002,64.840218,2117300
2013-05-08,72.169998,72.570000,71.559998,71.889999,64.508232,3420700
2013-05-09,71.860001,71.980003,70.699997,70.959999,63.673710,2596300
2013-05-10,70.660004,70.680000,69.010002,69.300003,62.184177,4846500
2013-05-13,69.250000,69.769997,68.769997,69.389999,62.264919,3427800
2013-05-14,69.580002,72.269997,69.529999,72.220001,64.804337,5844700
2013-05-15,71.690002,72.419998,70.550003,70.599998,63.350677,3422900
2013-05-16,70.949997,70.949997,68.000000,69.110001,62.013676,11770100
2013-05-17,69.580002,69.949997,69.269997,69.680000,62.525150,3576600
2013-05-20,69.599998,70.150002,69.279999,69.720001,62.561047,3352400
2013-05-21,69.660004,70.190002,69.160004,69.610001,62.462330,3336900
2013-05-22,69.410004,69.989998,67.849998,68.580002,61.538090,3882300
2013-05-23,67.550003,68.239998,66.750000,68.040001,61.053547,3071900
2013-05-24,67.430000,67.599998,66.330002,67.480003,60.551037,4042100
2013-05-28,68.660004,69.169998,67.930000,68.519997,61.484253,3958900
2013-05-29,67.830002,68.820000,67.739998,68.570000,61.529118,2056700
2013-05-30,68.260002,69.160004,67.870003,68.739998,61.681683,2587900
2013-05-31,68.500000,68.849998,67.400002,67.410004,60.488232,3888300
2013-06-03,67.580002,69.169998,67.510002,68.790001,61.726551,2945500
2013-06-04,68.459999,68.919998,67.529999,68.250000,61.241982,2339500
2013-06-05,67.970001,68.190002,66.559998,66.760002,59.904984,2822000
2013-06-06,66.699997,67.989998,66.269997,67.989998,61.008663,2241700
2013-06-07,68.629997,69.339996,68.010002,69.180000,62.076488,2125700
2013-06-10,69.230003,69.379997,68.320000,68.750000,61.690639,1392900
2013-06-11,67.720001,68.029999,67.110001,67.290001,60.380569,1552700
2013-06-12,68.120003,68.220001,66.459999,66.820000,59.958805,2370200
2013-06-13,66.669998,67.110001,66.000000,66.849998,60.075638,3233400
2013-06-14,67.239998,67.250000,65.769997,65.970001,59.284821,3066400
2013-06-17,66.589996,68.000000,66.589996,67.510002,60.668770,2269400
2013-06-18,67.540001,67.750000,67.139999,67.519997,60.677742,3253500
2013-06-19,67.330002,68.080002,66.250000,66.379997,59.653263,2678600
2013-06-20,65.260002,65.660004,64.040001,64.279999,57.766075,3407600
2013-06-21,64.260002,64.440002,62.630001,64.019997,57.532421,5992300
2013-06-24,63.279999,63.459999,61.320000,62.869999,56.498959,5068300
2013-06-25,63.680000,64.260002,62.980000,63.650002,57.199921,2803200
2013-06-26,64.120003,66.580002,64.059998,65.709999,59.051163,3792100
2013-06-27,66.260002,67.500000,66.209999,67.050003,60.255371,3390500
2013-06-28,66.949997,67.070000,66.199997,66.489998,59.752117,2595500
2013-07-01,66.820000,67.470001,66.500000,66.709999,59.949829,2294300
2013-07-02,66.720001,67.809998,66.510002,67.220001,60.408169,3090000
2013-07-03,67.050003,67.290001,66.230003,67.199997,60.390182,1146200
2013-07-05,67.860001,68.190002,66.980003,68.129997,61.225910,1341100
2013-07-08,68.500000,68.709999,68.129997,68.529999,61.585400,2648600
2013-07-09,68.889999,68.980003,67.919998,68.570000,61.621346,2106600
2013-07-10,68.559998,69.040001,68.419998,68.730003,61.765129,1914700
2013-07-11,69.940002,71.080002,69.830002,70.959999,63.769142,4169200
2013-07-12,70.800003,71.339996,70.730003,71.169998,63.957886,2133400
2013-07-15,71.639999,71.809998,70.809998,71.059998,63.859001,1589500
2013-07-16,71.050003,71.370003,70.199997,70.739998,63.571430,1523200
2013-07-17,70.919998,71.580002,70.820000,71.279999,64.056709,1854300
2013-07-18,71.410004,72.389999,71.339996,72.160004,64.847549,2654800
2013-07-19,72.510002,74.000000,72.230003,73.940002,66.447182,3731000
2013-07-22,74.300003,74.500000,72.760002,73.269997,65.845047,3083700
2013-07-23,73.320000,73.940002,73.129997,73.430000,65.988831,2002800
2013-07-24,73.570000,73.660004,72.040001,72.629997,65.269913,2130800
2013-07-25,72.230003,73.629997,72.230003,73.540001,66.087700,2104100
2013-07-26,72.989998,73.239998,72.330002,73.199997,65.782158,1414500
2013-07-29,72.779999,73.000000,71.669998,72.029999,64.730705,2721000
2013-07-30,73.080002,73.720001,72.129997,73.190002,65.773170,3670100
2013-07-31,73.790001,75.800003,73.790001,74.459999,66.914459,6142400
2013-08-01,75.379997,76.339996,74.779999,76.040001,68.334366,3595300
2013-08-02,75.620003,75.660004,75.000000,75.309998,67.678360,2392200
2013-08-05,74.980003,75.139999,74.349998,75.080002,67.471642,2086500
2013-08-06,75.050003,75.220001,73.099998,73.459999,66.015823,4230100
2013-08-07,73.040001,74.000000,72.379997,73.559998,66.105682,2475100
2013-08-08,74.330002,74.830002,73.419998,74.360001,66.824600,1893800
2013-08-09,75.540001,75.639999,74.360001,74.889999,67.300903,3408700
2013-08-12,74.489998,75.320000,74.349998,75.129997,67.516579,2601800
2013-08-13,75.160004,75.449997,74.599998,75.209999,67.588440,2115800
2013-08-14,75.599998,75.919998,75.169998,75.470001,67.822121,1940500
2013-08-15,74.660004,75.300003,74.339996,75.230003,67.606453,2677400
2013-08-16,74.870003,75.480003,74.489998,75.070000,67.462654,3008600
2013-08-19,74.739998,75.320000,73.279999,73.290001,65.863045,2343700
2013-08-20,73.699997,74.470001,72.849998,73.720001,66.249466,2490200
2013-08-21,73.580002,74.050003,72.620003,73.029999,65.629379,2285800
2013-08-22,73.430000,74.919998,73.430000,74.510002,66.959404,1754500
2013-08-23,74.690002,75.769997,74.360001,75.660004,67.992859,1623000
2013-08-26,75.750000,76.379997,75.190002,75.410004,67.768204,2415900
2013-08-27,74.610001,76.379997,74.610001,75.449997,67.804138,2661700
2013-08-28,75.879997,77.050003,75.709999,76.480003,68.729774,2550500
2013-08-29,76.089996,76.150002,75.169998,75.820000,68.136658,1923000
2013-08-30,75.839996,76.150002,74.809998,74.849998,67.264946,3032400
2013-09-03,75.919998,76.449997,75.349998,75.989998,68.289421,1865300
2013-09-04,75.790001,76.720001,75.570000,76.150002,68.433228,2919200
2013-09-05,76.279999,77.029999,76.190002,76.529999,68.774681,2543300
2013-09-06,76.800003,78.199997,76.260002,77.300003,69.466690,2537900
2013-09-09,77.620003,78.339996,77.540001,78.330002,70.392296,2159100
2013-09-10,78.300003,78.320000,77.019997,77.790001,69.907021,2793100
2013-09-11,77.870003,78.260002,76.980003,78.099998,70.185616,2602200
2013-09-12,77.699997,78.250000,77.120003,77.250000,69.644669,3026700
2013-09-13,77.139999,78.040001,77.139999,77.720001,70.068398,2085900
2013-09-16,78.370003,78.570000,77.449997,77.919998,70.248711,2264400
2013-09-17,77.870003,78.220001,77.519997,77.790001,70.131516,2968700
2013-09-18,77.500000,79.500000,77.199997,79.220001,71.420723,2601400
2013-09-19,79.449997,80.349998,79.449997,79.639999,71.799393,2643000
2013-09-20,79.639999,80.410004,78.169998,78.629997,70.888802,4256400
2013-09-23,78.389999,78.849998,77.510002,78.529999,70.798660,2324700
2013-09-24,78.589996,79.349998,78.199997,78.510002,70.780624,2877100
2013-09-25,78.709999,79.320000,78.559998,78.720001,70.969948,1740400
2013-09-26,79.059998,79.349998,78.099998,78.790001,71.033051,1328500
2013-09-27,78.029999,78.669998,77.879997,78.330002,70.618347,1184400
2013-09-30,77.510002,77.800003,76.620003,77.339996,69.725830,1899500
2013-10-01,76.970001,78.910004,76.830002,78.690002,70.942917,2179000
2013-10-02,78.260002,80.360001,78.260002,79.959999,72.087868,2428500
2013-10-03,79.940002,81.120003,79.540001,79.889999,72.024773,3755600
2013-10-04,79.769997,80.610001,79.760002,80.139999,72.250153,3173000
2013-10-07,79.540001,80.430000,79.269997,79.540001,71.709213,2416200
2013-10-08,79.360001,80.339996,78.540001,78.769997,71.015030,2598200
2013-10-09,78.129997,79.139999,77.949997,78.529999,70.798660,2850800
2013-10-10,81.040001,81.230003,79.529999,80.790001,72.836166,3704100
2013-10-11,80.250000,81.400002,79.930000,81.099998,73.115639,3736000
2013-10-14,80.529999,81.529999,80.349998,81.309998,73.304955,3135500
2013-10-15,80.279999,81.639999,80.279999,80.809998,72.854187,3646300
2013-10-16,81.320000,82.440002,81.320000,82.309998,74.206497,3995900
2013-10-17,81.370003,82.589996,81.370003,82.389999,74.278625,2791000
2013-10-18,82.870003,84.070000,82.809998,84.059998,75.784218,3568200
2013-10-21,84.080002,84.849998,83.690002,84.000000,75.730118,3127000
2013-10-22,84.529999,85.150002,83.330002,83.559998,75.333450,4171900
2013-10-23,83.000000,83.019997,81.059998,81.919998,73.854904,4193100
2013-10-24,82.279999,83.330002,81.739998,83.089996,74.909729,1883500
2013-10-25,83.419998,83.779999,82.430000,83.199997,75.008881,1548600
2013-10-28,83.330002,83.629997,82.690002,83.160004,74.972832,2066200
2013-10-29,83.300003,83.800003,83.010002,83.500000,75.279350,1497700
2013-10-30,82.160004,82.669998,79.959999,80.320000,72.412437,6151900
2013-10-31,80.830002,81.940002,79.980003,81.199997,73.205795,3306700
2013-11-01,81.220001,81.489998,80.040001,80.930000,72.962387,3550400
2013-11-04,81.120003,81.949997,81.019997,81.730003,73.683617,2202500
2013-11-05,81.349998,81.610001,80.370003,80.489998,72.565689,2906000
2013-11-06,81.019997,82.559998,80.550003,81.000000,73.025482,3069800
2013-11-07,81.029999,81.389999,78.680000,78.779999,71.024017,3303300
2013-11-08,78.919998,80.330002,78.889999,80.300003,72.394394,2156700
2013-11-11,80.379997,81.239998,80.190002,80.870003,72.908279,2127300
2013-11-12,80.949997,81.339996,79.720001,79.940002,72.069832,2233700
2013-11-13,79.370003,80.879997,79.360001,80.779999,72.827141,1978200
2013-11-14,80.760002,81.800003,80.489998,81.699997,73.656563,2215500
2013-11-15,81.900002,82.860001,81.519997,82.860001,74.702370,3378400
2013-11-18,83.150002,83.320000,81.589996,81.910004,73.845909,2078100
2013-11-19,81.750000,82.269997,80.930000,81.889999,73.827843,1814800
2013-11-20,81.900002,82.750000,80.989998,81.309998,73.304955,1631500
2013-11-21,81.449997,82.489998,81.150002,82.330002,74.224533,1915800
2013-11-22,82.660004,83.349998,81.599998,83.330002,75.126114,2224700
2013-11-25,82.220001,83.279999,81.699997,82.629997,74.495010,2001200
2013-11-26,82.820000,84.330002,82.199997,83.610001,75.378525,2394700
2013-11-27,83.540001,83.540001,81.089996,81.480003,73.458237,2484000
2013-11-29,81.620003,82.510002,81.099998,81.129997,73.142670,1352500
2013-12-02,81.010002,81.599998,80.330002,80.910004,72.944359,1959000
2013-12-03,80.629997,81.540001,80.250000,81.150002,73.160706,3157300
2013-12-04,80.980003,82.650002,80.980003,82.209999,74.116333,2304500
2013-12-05,81.830002,82.379997,81.400002,81.470001,73.449234,2106600
2013-12-06,82.430000,82.790001,80.459999,80.860001,72.899261,2295600
2013-12-09,80.910004,81.209999,80.019997,80.510002,72.583710,2083000
2013-12-10,80.599998,81.300003,79.580002,79.940002,72.069832,2505500
2013-12-11,79.669998,79.870003,78.809998,78.940002,71.168297,2470200
2013-12-12,78.940002,79.430000,77.879997,78.559998,70.825699,2650000
2013-12-13,78.500000,79.300003,78.410004,78.949997,71.404541,2665500
2013-12-16,78.000000,79.730003,77.519997,79.349998,71.766312,2790000
2013-12-17,81.150002,81.180000,78.949997,79.510002,71.911011,3307600
2013-12-18,79.599998,80.900002,78.669998,80.830002,73.104866,2749700
2013-12-19,80.419998,81.080002,80.139999,80.540001,72.842583,2118200
2013-12-20,80.680000,81.419998,80.160004,80.169998,72.507950,3826500
2013-12-23,80.720001,81.400002,80.139999,80.220001,72.553177,2309000
2013-12-24,80.250000,81.260002,80.019997,81.139999,73.385239,1036100
2013-12-26,81.279999,82.849998,81.160004,82.599998,74.705696,1548600
2013-12-27,82.769997,83.389999,82.269997,83.070000,75.130783,1333500
2013-12-30,83.070000,83.540001,82.589996,82.610001,74.714745,1471400
2013-12-31,82.900002,83.290001,82.449997,83.000000,75.067467,1489300
2014-01-02,82.949997,83.000000,80.690002,81.120003,73.367142,2752600
2014-01-03,80.860001,81.720001,79.970001,80.279999,72.607437,1922700
2014-01-06,79.529999,80.089996,78.989998,79.919998,72.281815,2680800
2014-01-07,79.980003,81.230003,79.919998,80.860001,73.131989,2034400
2014-01-08,81.610001,81.790001,80.580002,81.690002,73.882668,3145200
2014-01-09,81.870003,82.160004,80.860001,81.339996,73.566109,2864200
2014-01-10,81.110001,81.459999,80.500000,80.900002,73.168167,2363400
2014-01-13,80.750000,81.110001,78.720001,78.870003,71.332199,2913200
2014-01-14,78.919998,79.720001,78.919998,79.529999,71.929085,1817100
2014-01-15,78.669998,79.180000,77.650002,77.669998,70.246872,5375100
2014-01-16,77.739998,78.029999,77.169998,77.720001,70.292091,3237900
2014-01-17,77.720001,78.269997,77.029999,77.129997,69.758484,2650100
2014-01-21,77.800003,78.080002,77.239998,77.919998,70.472961,2222600
2014-01-22,78.150002,78.690002,77.720001,78.120003,70.653870,1893900
2014-01-23,77.769997,78.059998,76.959999,77.400002,70.002670,1832300
2014-01-24,76.540001,77.040001,75.519997,76.250000,68.962578,2680600
2014-01-27,76.139999,76.580002,75.139999,75.580002,68.356621,1909000
2014-01-28,75.889999,77.190002,75.750000,76.800003,69.460037,2504400
2014-01-29,75.769997,78.849998,75.580002,77.059998,69.695175,3896900
2014-01-30,76.639999,77.239998,76.019997,76.529999,69.215813,3004600
2014-01-31,75.400002,76.279999,74.879997,75.489998,68.275208,2722700
2014-02-03,75.449997,75.470001,73.360001,73.919998,66.855278,4349700
2014-02-04,74.120003,75.120003,73.570000,74.760002,67.614983,4269900
2014-02-05,74.339996,75.070000,73.790001,74.660004,67.524551,3079100
2014-02-06,75.029999,76.449997,74.849998,76.309998,69.016838,2082200
2014-02-07,76.650002,77.209999,76.150002,77.180000,69.803688,2871600
2014-02-10,77.260002,77.370003,76.610001,76.989998,69.631866,2377600
2014-02-11,77.000000,78.669998,77.000000,78.250000,70.771446,2484000
2014-02-12,78.720001,78.750000,77.949997,78.029999,70.572487,2310700
2014-02-13,77.589996,79.370003,77.360001,78.669998,71.151299,2337600
2014-02-14,78.820000,80.000000,78.629997,79.500000,71.901955,3260400
2014-02-18,79.830002,80.750000,79.720001,80.459999,72.770218,3585100
2014-02-19,80.150002,81.320000,80.129997,80.709999,72.996323,2883900
2014-02-20,80.769997,81.949997,80.500000,81.610001,73.810310,3536900
2014-02-21,81.739998,81.879997,80.769997,81.169998,73.412354,2753700
2014-02-24,81.639999,82.480003,81.440002,81.449997,73.665611,3576000
2014-02-25,81.650002,81.650002,79.940002,80.300003,72.625534,4361200
2014-02-26,80.089996,80.400002,79.129997,79.320000,71.739189,4147400
2014-02-27,79.300003,79.660004,79.019997,79.500000,71.901955,2803300
2014-02-28,79.699997,80.440002,78.809998,80.029999,72.381317,2632000
2014-03-03,79.480003,80.629997,79.300003,79.480003,71.883881,1893300
2014-03-04,80.080002,80.830002,79.620003,80.349998,72.670715,2668500
2014-03-05,80.150002,80.779999,79.860001,80.739998,73.023468,3018200
2014-03-06,80.900002,81.540001,80.739998,81.440002,73.656555,1997600
2014-03-07,81.919998,82.029999,81.370003,81.870003,74.045464,2298800
2014-03-10,81.580002,82.330002,80.120003,82.239998,74.380112,1967500
2014-03-11,82.339996,82.349998,80.860001,81.209999,73.448524,1537900
2014-03-12,80.239998,81.239998,79.599998,80.809998,73.086777,1954500
2014-03-13,80.650002,81.059998,79.660004,79.849998,72.218513,2057400
2014-03-14,79.919998,80.430000,79.529999,80.279999,72.607437,2049600
2014-03-17,80.519997,81.110001,80.070000,80.410004,72.725014,1556600
2014-03-18,80.440002,81.610001,80.150002,81.059998,73.541519,1643600
2014-03-19,80.930000,81.680000,80.080002,80.620003,73.142342,1731000
2014-03-20,80.410004,81.330002,79.919998,81.180000,73.650383,1519200
2014-03-21,81.790001,82.559998,81.370003,81.959999,74.358032,3738100
2014-03-24,82.320000,82.889999,81.379997,81.580002,74.013283,1490500
2014-03-25,82.089996,82.510002,81.940002,82.040001,74.430626,1522200
2014-03-26,82.430000,82.800003,81.209999,81.370003,73.822792,2089900
2014-03-27,81.550003,82.489998,81.290001,82.000000,74.394318,1537400
2014-03-28,81.870003,83.440002,81.870003,83.220001,75.501160,2127200
2014-03-31,83.559998,83.559998,82.309998,82.879997,75.192711,3021400
2014-04-01,82.930000,83.959999,82.550003,83.959999,76.172516,2569500
2014-04-02,84.120003,85.120003,83.709999,84.959999,77.079796,2862800
2014-04-03,84.940002,85.970001,84.690002,85.629997,77.687637,2912700
2014-04-04,86.029999,86.570000,84.589996,85.339996,77.424530,4198300
2014-04-07,85.180000,85.279999,83.540001,83.720001,75.954788,2557800
2014-04-08,83.879997,84.500000,83.500000,84.000000,76.208824,2577600
2014-04-09,84.290001,85.209999,83.580002,85.209999,77.306610,2564100
2014-04-10,85.089996,85.669998,83.959999,84.019997,76.226982,3325500
2014-04-11,82.519997,84.449997,82.519997,83.580002,75.827797,1985000
2014-04-14,84.470001,85.570000,84.180000,84.919998,77.043518,1846100
2014-04-15,84.809998,86.110001,84.459999,86.099998,78.114037,2551400
2014-04-16,86.559998,86.989998,85.970001,86.540001,78.513237,2750000
2014-04-17,86.449997,87.309998,85.820000,87.269997,79.175514,4177400
2014-04-21,87.500000,88.000000,87.209999,87.779999,79.638229,2015900
2014-04-22,87.500000,88.300003,87.070000,88.010002,79.846909,1944300
2014-04-23,88.260002,88.870003,88.129997,88.169998,79.992050,2293900
2014-04-24,88.629997,88.989998,87.910004,88.309998,80.119080,1775800
2014-04-25,88.070000,88.220001,87.129997,87.430000,79.320686,1770600
2014-04-28,87.889999,87.989998,86.730003,87.230003,79.139229,2200900
2014-04-29,87.349998,88.660004,87.349998,88.019997,79.855988,2782100
2014-04-30,89.000000,90.290001,88.129997,89.160004,80.890236,4240100
2014-05-01,89.010002,89.489998,88.440002,88.900002,80.654358,1911300
2014-05-02,88.989998,89.349998,88.459999,88.669998,80.445679,1796100
2014-05-05,88.070000,88.949997,88.000000,88.589996,80.373100,1816000
2014-05-06,88.639999,89.190002,88.080002,88.089996,79.919479,3519300
2014-05-07,88.000000,89.220001,88.000000,88.930000,80.681549,1763700
2014-05-08,88.580002,89.120003,87.820000,88.209999,80.028328,2360500
2014-05-09,88.440002,88.580002,87.250000,87.610001,79.483994,2079800
2014-05-12,88.120003,88.709999,87.750000,88.339996,80.146271,1672500
2014-05-13,88.500000,88.690002,88.169998,88.669998,80.445679,2065500
2014-05-14,87.110001,89.580002,87.110001,89.019997,80.763222,1690300
2014-05-15,88.599998,88.730003,87.209999,88.190002,80.010208,1828300
2014-05-16,88.040001,88.190002,86.959999,87.400002,79.293480,2345100
2014-05-19,87.349998,88.459999,87.339996,87.940002,79.783394,1900200
2014-05-20,87.820000,88.529999,87.519997,88.029999,79.865028,1765200
2014-05-21,88.550003,89.570000,88.449997,89.300003,81.017258,1615700
2014-05-22,91.410004,91.919998,90.279999,90.290001,81.915428,4322700
2014-05-23,90.160004,90.589996,89.449997,89.860001,81.525307,2742100
2014-05-27,89.910004,90.089996,89.040001,89.430000,81.135178,2335300
2014-05-28,88.500000,90.570000,88.500000,89.970001,81.625092,2642100
2014-05-29,90.000000,90.790001,89.709999,90.589996,82.187607,2933300
2014-05-30,90.400002,91.540001,90.339996,91.300003,82.831734,2838800
2014-06-02,91.690002,91.720001,90.809998,91.309998,82.840797,1528900
2014-06-03,91.199997,92.389999,91.010002,92.389999,83.820656,3118800
2014-06-04,92.220001,92.769997,91.800003,92.309998,83.748055,1344500
2014-06-05,92.169998,92.559998,91.910004,92.199997,83.648254,1975800
2014-06-06,92.480003,93.870003,92.430000,93.320000,84.664368,2754300
2014-06-09,93.449997,94.379997,93.260002,94.099998,85.372025,2133100
2014-06-10,93.849998,94.580002,93.660004,94.309998,85.562553,1908700
2014-06-11,94.199997,96.000000,94.089996,95.309998,86.469803,2430900
2014-06-12,95.339996,96.730003,95.199997,95.480003,86.851845,2292300
2014-06-13,95.690002,96.110001,94.970001,95.949997,87.279366,1751400
2014-06-16,95.989998,96.500000,95.639999,95.889999,87.224808,2165700
2014-06-17,95.470001,96.070000,94.930000,95.940002,87.270294,1824400
2014-06-18,95.940002,96.589996,95.209999,96.320000,87.615952,2028400
2014-06-19,95.949997,97.339996,95.949997,97.339996,88.543777,1878700
2014-06-20,97.699997,97.989998,97.180000,97.959999,89.107750,3626700
2014-06-23,98.110001,99.099998,97.959999,98.400002,89.508003,1928900
2014-06-24,98.400002,98.820000,96.379997,96.489998,87.770592,1891900
2014-06-25,95.459999,98.300003,95.440002,98.180000,89.307861,2732100
2014-06-26,98.089996,98.320000,96.750000,97.589996,88.771172,1591600
2014-06-27,97.250000,98.339996,97.139999,98.290001,89.407928,2393900
2014-06-30,98.400002,99.089996,97.809998,98.889999,89.953705,2582000
2014-07-01,99.300003,99.940002,99.000000,99.610001,90.608658,2335600
2014-07-02,99.199997,99.889999,99.000000,99.419998,90.435806,1683700
2014-07-03,99.519997,100.110001,99.320000,99.930000,90.899712,1500700
2014-07-07,99.639999,100.099998,98.860001,99.199997,90.235695,1861800
2014-07-08,98.959999,100.120003,98.800003,98.959999,90.017387,2671300
2014-07-09,99.120003,99.870003,98.410004,99.029999,90.081024,3293100
2014-07-10,98.349998,98.800003,97.570000,98.500000,89.598969,3000900
2014-07-11,97.400002,98.510002,97.400002,97.839996,88.998589,1670000
2014-07-14,98.480003,99.370003,98.480003,99.209999,90.244789,2329200
2014-07-15,98.800003,98.949997,97.540001,97.830002,88.989487,2606900
2014-07-16,98.620003,100.000000,98.620003,99.220001,90.253891,2166300
2014-07-17,98.760002,100.230003,98.379997,98.449997,89.553444,2513800
2014-07-18,98.620003,99.290001,98.449997,98.720001,89.799065,2788500
2014-07-21,98.620003,99.709999,98.519997,99.320000,90.344841,2203400
2014-07-22,99.669998,100.089996,99.269997,99.800003,90.781471,2281800
2014-07-23,100.080002,100.419998,99.629997,100.160004,91.108948,1575800
2014-07-24,100.050003,100.980003,99.870003,100.739998,91.636536,1505500
2014-07-25,100.370003,100.510002,99.720001,99.809998,90.790565,1202400
2014-07-28,99.860001,100.080002,99.160004,99.830002,90.808769,1662100
2014-07-29,99.769997,100.120003,99.339996,99.419998,90.435806,2586500
2014-07-30,104.000000,104.500000,99.870003,101.050003,91.918510,4860600
2014-07-31,100.389999,100.500000,98.489998,98.980003,90.035576,3682000
2014-08-01,98.650002,98.860001,96.970001,98.000000,89.144135,3123300
2014-08-04,97.949997,100.550003,97.949997,100.440002,91.363647,2204700
2014-08-05,100.209999,100.279999,98.099998,98.589996,89.680794,3216700
2014-08-06,98.129997,99.720001,98.129997,98.769997,89.844551,2013300
2014-08-07,99.169998,99.570000,97.550003,97.839996,88.998589,2224400
2014-08-08,98.169998,100.050003,98.040001,99.919998,90.890640,2434500
2014-08-11,100.349998,101.000000,100.070000,100.139999,91.090759,1568300
2014-08-12,99.690002,100.050003,98.660004,99.029999,90.081024,1404700
2014-08-13,99.480003,99.860001,99.019997,99.120003,90.162941,1960600
2014-08-14,99.199997,99.449997,97.290001,97.529999,88.716591,2454700
2014-08-15,97.830002,98.970001,97.800003,98.900002,89.962799,3021800
2014-08-18,99.209999,99.440002,96.930000,97.900002,89.053169,2360100
2014-08-19,98.150002,99.540001,98.019997,99.279999,90.308456,1823400
2014-08-20,99.260002,99.699997,98.870003,99.400002,90.417625,1377200
2014-08-21,99.519997,100.290001,99.230003,100.070000,91.027084,1478400
2014-08-22,99.570000,99.570000,98.180000,98.809998,89.880943,1855700
2014-08-25,99.389999,100.500000,99.070000,100.160004,91.108948,1381000
2014-08-26,100.570000,101.230003,100.230003,100.260002,91.199890,1346800
2014-08-27,100.250000,100.610001,99.529999,99.970001,90.936104,1224300
2014-08-28,99.970001,100.410004,99.620003,100.190002,91.136238,949000
2014-08-29,100.209999,101.220001,100.019997,101.099998,91.963997,1400000
2014-09-02,101.000000,101.250000,99.820000,100.529999,91.445503,2013300
2014-09-03,101.279999,101.959999,100.430000,100.750000,91.645630,1532600
2014-09-04,100.559998,101.779999,99.500000,100.150002,91.099838,2420000
2014-09-05,99.879997,101.029999,99.169998,100.989998,91.863937,1883000
2014-09-08,100.550003,100.550003,98.910004,99.750000,90.736008,1967800
2014-09-09,99.980003,100.570000,98.660004,99.489998,90.499474,2603300
2014-09-10,99.199997,99.370003,97.680000,99.139999,90.181114,2133400
2014-09-11,98.199997,99.080002,97.709999,98.839996,89.908234,1689200
2014-09-12,98.099998,98.349998,96.739998,96.970001,88.430878,2204600
2014-09-15,96.739998,98.510002,96.730003,97.970001,89.342812,2410400
2014-09-16,98.209999,99.900002,97.760002,99.180000,90.446259,1877400
2014-09-17,99.620003,99.660004,98.410004,98.900002,90.190910,1511200
2014-09-18,99.449997,99.449997,97.529999,97.730003,89.123962,2278000
2014-09-19,98.290001,98.610001,97.309998,97.510002,88.923332,3066900
2014-09-22,97.199997,97.440002,95.930000,96.290001,87.810753,2894900
2014-09-23,96.099998,97.260002,95.800003,96.019997,87.564537,1724900
2014-09-24,96.000000,96.849998,94.820000,96.000000,87.546310,2646100
2014-09-25,96.000000,96.199997,94.989998,95.180000,86.798508,1980000
2014-09-26,95.089996,96.500000,95.010002,96.169998,87.701317,1286700
2014-09-29,95.430000,96.529999,94.629997,96.209999,87.737801,1870000
2014-09-30,95.889999,96.300003,93.570000,94.320000,86.014221,2716900
2014-10-01,93.940002,94.580002,90.919998,91.589996,83.524620,4306900
2014-10-02,91.029999,91.930000,89.599998,91.320000,83.278419,3337700
2014-10-03,91.879997,91.989998,89.779999,90.720001,82.731239,2365800
2014-10-06,90.809998,91.360001,89.669998,89.879997,81.965218,3130300
2014-10-07,89.680000,90.529999,88.430000,88.459999,80.670258,4152100
2014-10-08,87.970001,88.510002,85.669998,88.410004,80.624672,4202000
2014-10-09,87.250000,87.889999,84.449997,84.599998,77.150162,3441000
2014-10-10,84.309998,84.739998,82.110001,82.540001,75.271584,4342200
2014-10-13,82.330002,83.199997,77.709999,77.779999,70.930725,4982800
2014-10-14,78.190002,78.800003,75.540001,75.910004,69.225410,6889000
2014-10-15,74.239998,76.680000,72.860001,76.339996,69.617546,6815700
2014-10-16,74.589996,78.839996,74.220001,78.040001,71.167862,5962000
2014-10-17,79.589996,81.250000,78.209999,78.610001,71.687660,5059500
2014-10-20,78.570000,80.190002,78.050003,79.709999,72.690788,3420700
2014-10-21,80.900002,82.610001,80.459999,81.339996,74.177231,3865500
2014-10-22,83.940002,84.279999,79.989998,80.000000,72.955246,4778300
2014-10-23,81.580002,82.900002,80.959999,82.220001,74.979752,3208800
2014-10-24,81.760002,82.779999,80.730003,82.349998,75.098297,2524000
2014-10-27,80.760002,81.169998,79.320000,80.309998,73.237946,2812700
2014-10-28,80.250000,82.029999,80.110001,81.949997,74.733543,2828400
2014-10-29,83.529999,84.970001,82.070000,82.889999,75.590759,4545500
2014-10-30,82.360001,83.699997,81.660004,83.139999,75.818748,3202800
2014-10-31,83.599998,85.059998,82.099998,84.809998,77.341675,4429100
2014-11-03,85.139999,86.250000,82.980003,83.260002,75.928162,3570500
2014-11-04,80.000000,81.730003,79.879997,81.440002,74.268463,3529400
2014-11-05,82.320000,83.779999,81.529999,83.169998,75.846100,3482500
2014-11-06,83.089996,84.040001,81.940002,83.709999,76.338547,3712900
2014-11-07,84.190002,85.989998,83.739998,84.860001,77.387291,4306600
2014-11-10,85.370003,86.000000,82.750000,83.809998,76.429749,4636700
2014-11-11,83.830002,84.500000,82.879997,83.809998,76.429749,3345700
2014-11-12,83.089996,84.029999,82.099998,82.459999,75.198616,3588200
2014-11-13,82.230003,82.760002,79.919998,81.099998,73.958374,4298400
2014-11-14,81.669998,83.139999,81.459999,83.029999,75.718422,3928600
2014-11-17,82.010002,82.190002,80.360001,81.239998,74.086052,3928700
2014-11-18,81.250000,82.550003,80.870003,81.900002,74.687927,2993700
2014-11-19,82.389999,83.000000,81.379997,82.370003,75.116554,2750800
2014-11-20,82.440002,83.629997,82.410004,83.589996,76.229095,2764800
2014-11-21,84.940002,86.099998,84.669998,85.209999,77.706451,4440800
2014-11-24,85.400002,85.750000,84.050003,84.669998,77.214012,3124900
2014-11-25,84.849998,85.000000,82.180000,82.309998,75.061813,3900100
2014-11-26,82.139999,82.190002,80.599998,80.830002,73.712158,3241800
2014-11-28,73.930000,75.190002,72.800003,72.930000,66.507828,4428600
2014-12-01,72.279999,74.089996,71.199997,73.970001,67.456253,5449900
2014-12-02,73.699997,75.639999,72.809998,75.129997,68.514091,4550600
2014-12-03,75.419998,77.459999,75.389999,76.809998,70.046150,4168400
2014-12-04,76.029999,76.370003,75.180000,76.290001,69.571938,4136400
2014-12-05,76.000000,76.760002,75.330002,75.720001,69.052139,3922400
2014-12-08,74.320000,74.699997,71.029999,71.309998,65.030502,5079000
2014-12-09,71.000000,72.870003,71.000000,72.180000,65.823853,4364900
2014-12-10,71.190002,71.190002,68.050003,68.580002,62.540871,4734500
2014-12-11,68.529999,69.900002,67.559998,67.860001,61.884285,4904500
2014-12-12,66.750000,67.699997,65.849998,66.529999,60.671398,6192300
2014-12-15,66.529999,67.459999,65.300003,65.449997,59.911644,5767100
2014-12-16,64.480003,68.639999,63.799999,66.230003,60.625633,7479200
2014-12-17,65.930000,69.739998,65.849998,69.029999,63.188698,6127700
2014-12-18,71.309998,71.519997,68.639999,70.550003,64.580078,4934700
2014-12-19,71.389999,74.599998,70.750000,74.500000,68.195831,7755800
2014-12-22,73.910004,74.080002,72.459999,73.760002,67.518456,4382200
2014-12-23,73.650002,75.940002,73.339996,75.360001,68.983078,4452700
2014-12-24,74.629997,74.809998,73.110001,74.370003,68.076836,1249100
2014-12-26,75.000000,75.419998,74.029999,74.309998,68.021904,1555800
2014-12-29,75.050003,75.620003,74.239998,74.820000,68.488762,1848600
2014-12-30,74.389999,75.040001,73.730003,74.129997,67.857132,2885700
2014-12-31,73.889999,74.760002,73.010002,73.820000,67.573380,1984200
2015-01-02,73.190002,74.820000,72.949997,74.139999,67.866287,1908000
2015-01-05,72.639999,73.000000,69.940002,70.550003,64.580078,3510300
2015-01-06,69.879997,71.709999,68.769997,69.459999,63.582310,3651000
2015-01-07,70.300003,71.110001,68.940002,69.300003,63.435856,2309600
2015-01-08,70.209999,71.550003,69.599998,71.379997,65.339844,3349900
2015-01-09,71.279999,71.610001,70.220001,71.120003,65.101845,2155100
2015-01-12,69.769997,70.379997,67.949997,68.430000,62.639492,3524000
2015-01-13,68.860001,69.510002,67.190002,67.690002,61.962082,3365700
2015-01-14,66.970001,69.309998,66.169998,69.239998,63.380932,3730700
2015-01-15,70.239998,70.739998,67.769997,67.919998,62.172619,5392500
2015-01-16,68.500000,70.680000,68.440002,70.019997,64.094925,3776900
2015-01-20,68.480003,69.690002,68.279999,69.570000,63.683002,2656500
2015-01-21,70.410004,71.800003,70.019997,71.410004,65.367317,2077700
2015-01-22,71.809998,72.150002,70.559998,72.070000,65.971466,3192500
2015-01-23,71.279999,71.989998,70.599998,70.830002,64.836388,2647000
2015-01-26,70.779999,71.839996,69.970001,71.650002,65.587013,2836800
2015-01-27,71.540001,72.480003,70.199997,71.610001,65.550377,2511500
2015-01-28,70.500000,70.889999,66.000000,66.019997,60.433407,6722700
2015-01-29,66.599998,67.300003,63.810001,65.699997,60.140480,5022900
2015-01-30,65.040001,68.790001,64.800003,67.489998,61.779022,5993500
2015-02-02,68.839996,70.379997,68.480003,70.080002,64.149864,3589600
2015-02-03,71.239998,73.360001,71.080002,72.680000,66.529846,4812200
2015-02-04,71.419998,72.610001,70.849998,72.010002,65.916542,3624900
2015-02-05,72.750000,73.930000,72.169998,73.169998,66.978378,4893500
2015-02-06,73.870003,74.339996,72.500000,72.970001,66.795311,2682000
2015-02-09,74.470001,74.650002,73.220001,73.779999,67.536766,2905600
2015-02-10,73.470001,73.660004,71.459999,72.790001,66.630524,2917300
2015-02-11,71.650002,73.559998,71.360001,72.800003,66.639694,2983800
2015-02-12,73.760002,74.870003,73.419998,74.709999,68.388054,3718600
2015-02-13,75.680000,77.059998,75.370003,76.830002,70.328674,3505200
2015-02-17,75.989998,77.629997,75.529999,77.339996,70.795517,3622500
2015-02-18,76.199997,77.550003,76.000000,77.099998,70.575813,2869000
2015-02-19,74.540001,76.970001,74.110001,76.480003,70.008308,4110600
2015-02-20,76.419998,76.699997,75.500000,76.300003,69.843521,2563200
2015-02-23,75.160004,76.559998,75.010002,75.870003,69.449883,3779900
2015-02-24,76.440002,76.720001,75.639999,76.489998,70.017418,2011800
2015-02-25,76.360001,77.370003,76.160004,76.650002,70.163887,2044700
2015-02-26,75.930000,76.339996,74.690002,75.430000,69.047142,2704800
2015-02-27,75.839996,76.029999,74.959999,75.080002,68.726738,3349000
2015-03-02,75.080002,75.080002,73.160004,74.110001,67.838837,3050900
2015-03-03,74.220001,75.139999,73.980003,74.489998,68.186668,2188300
2015-03-04,74.720001,74.949997,73.769997,74.839996,68.507065,2241400
2015-03-05,74.379997,74.559998,73.500000,73.500000,67.280464,2630700
2015-03-06,73.040001,73.300003,71.089996,71.389999,65.348991,3166200
2015-03-09,71.489998,71.790001,70.400002,70.419998,64.461067,2392300
2015-03-10,69.529999,70.250000,69.110001,69.239998,63.380932,2954500
2015-03-11,69.510002,70.400002,69.150002,69.599998,63.710480,2310500
2015-03-12,70.059998,70.199997,68.709999,68.769997,62.950703,2240400
2015-03-13,68.239998,69.209999,67.419998,69.000000,63.161243,2431800
2015-03-16,68.529999,69.370003,68.010002,69.330002,63.463318,2186600
2015-03-17,68.489998,69.169998,67.550003,68.529999,62.958038,2469200
2015-03-18,68.150002,70.320000,67.959999,69.769997,64.097198,3681600
2015-03-19,68.349998,68.690002,67.269997,67.400002,61.919910,3200700
2015-03-20,67.910004,69.519997,67.849998,68.339996,62.783482,5292000
2015-03-23,68.709999,69.190002,67.809998,67.820000,62.305759,2796400
2015-03-24,68.620003,68.650002,67.699997,68.080002,62.544640,3032800
2015-03-25,68.519997,69.610001,68.199997,69.099998,63.481682,3225000
2015-03-26,69.959999,70.389999,68.739998,68.900002,63.297947,2730700
2015-03-27,68.360001,68.400002,67.150002,67.370003,61.892357,2724700
2015-03-30,68.279999,68.720001,67.739998,68.559998,62.985611,2688900
2015-03-31,67.800003,68.589996,67.519997,67.870003,62.351707,3555900
2015-04-01,68.480003,70.110001,68.480003,69.180000,63.555191,3471200
2015-04-02,68.889999,69.879997,68.269997,69.199997,63.573555,2362000
2015-04-06,69.800003,72.809998,69.459999,72.529999,66.632820,3466400
2015-04-07,72.339996,73.410004,71.980003,72.349998,66.467445,2472600
2015-04-08,72.300003,72.970001,71.699997,71.849998,66.008110,1853300
2015-04-09,71.860001,72.889999,71.860001,72.379997,66.495010,2620900
2015-04-10,72.519997,73.180000,71.889999,73.120003,67.174835,3754300
2015-04-13,73.500000,73.989998,72.610001,72.720001,66.807373,1770000
2015-04-14,73.309998,74.879997,73.309998,74.629997,68.562065,3034300
2015-04-15,75.250000,78.250000,75.160004,78.089996,71.740746,4322200
2015-04-16,77.660004,78.529999,77.029999,78.019997,71.676437,2693200
2015-04-17,77.360001,77.760002,76.830002,77.459999,71.161964,2780300
2015-04-20,77.680000,79.000000,77.440002,77.680000,71.364075,2443500
2015-04-21,77.559998,77.720001,74.699997,74.940002,68.846855,2902400
2015-04-22,75.120003,75.879997,74.559998,75.279999,69.159225,1807100
2015-04-23,75.750000,76.570000,75.699997,75.800003,69.636948,1674100
2015-04-24,75.290001,75.709999,74.779999,75.209999,69.094902,1662300
2015-04-27,75.480003,75.900002,75.019997,75.220001,69.104080,1755000
2015-04-28,75.029999,76.860001,75.029999,76.750000,70.509705,2567300
2015-04-29,78.000000,78.809998,75.400002,77.970001,71.630508,3896700
2015-04-30,78.389999,78.870003,76.599998,76.900002,70.647530,2924300
2015-05-01,77.040001,77.279999,74.989998,75.779999,69.618561,2135300
2015-05-04,75.980003,76.419998,74.169998,74.690002,68.617188,3037300
2015-05-05,75.389999,76.080002,73.559998,73.900002,67.891411,4479300
2015-05-06,75.029999,75.620003,74.029999,74.470001,68.415092,2765200
2015-05-07,74.199997,74.400002,72.739998,73.459999,67.487190,2920200
2015-05-08,74.160004,74.360001,72.800003,74.339996,68.295631,3174800
2015-05-11,74.360001,74.500000,71.650002,71.690002,65.861130,2575300
2015-05-12,71.699997,72.029999,71.019997,71.500000,65.686562,2539800
2015-05-13,71.989998,72.139999,69.879997,70.250000,64.538185,2395300
2015-05-14,70.349998,70.889999,69.239998,69.410004,63.766491,1930600
2015-05-15,69.239998,70.110001,68.650002,69.660004,63.996166,1846000
2015-05-18,68.980003,69.070000,68.290001,68.889999,63.288780,1695200
2015-05-19,68.139999,68.550003,67.269997,67.699997,62.195496,2423900
2015-05-20,67.949997,69.639999,67.360001,69.550003,63.895107,4599200
2015-05-21,70.120003,70.400002,69.379997,69.940002,64.253387,2781600
2015-05-22,69.040001,69.540001,68.430000,69.019997,63.408188,2256700
2015-05-26,68.129997,68.430000,67.139999,67.309998,61.837219,2627100
2015-05-27,67.110001,68.139999,66.959999,67.220001,61.754570,2046000
2015-05-28,67.019997,67.500000,66.419998,67.290001,61.818863,2055300
2015-05-29,67.279999,67.790001,66.849998,67.519997,62.030159,2867000
2015-06-01,67.180000,67.339996,66.690002,66.760002,61.331966,2782800
2015-06-02,67.139999,67.699997,66.540001,67.290001,61.818863,1703700
2015-06-03,67.190002,67.820000,66.730003,66.760002,61.331966,1192700
2015-06-04,66.300003,66.639999,66.010002,66.169998,60.789917,2082900
2015-06-05,65.989998,67.660004,65.699997,66.080002,60.707241,2654000
2015-06-08,65.800003,66.370003,64.839996,64.989998,59.705860,4880900
2015-06-09,65.949997,66.879997,65.500000,65.570000,60.238705,2336500
2015-06-10,66.559998,66.940002,65.500000,65.639999,60.303001,2110600
2015-06-11,69.510002,69.900002,68.650002,68.830002,63.233650,6065700
2015-06-12,68.889999,69.180000,67.260002,67.660004,62.385361,3751100
2015-06-15,66.879997,67.830002,66.830002,67.330002,62.081093,2071700
2015-06-16,67.220001,69.510002,67.139999,69.400002,63.989719,2969900
2015-06-17,70.080002,70.669998,68.739998,69.510002,64.091148,2881300
2015-06-18,69.779999,70.230003,69.089996,69.309998,63.906746,1850700
2015-06-19,68.989998,69.580002,68.489998,68.639999,63.288967,3340200
2015-06-22,68.769997,69.260002,68.019997,68.940002,63.565578,1672100
2015-06-23,69.370003,70.459999,68.779999,70.230003,64.755013,2057700
2015-06-24,69.910004,70.370003,68.959999,69.169998,63.777645,2969700
2015-06-25,69.209999,69.440002,67.980003,68.029999,62.726528,1988200
2015-06-26,68.029999,68.730003,67.470001,68.430000,63.095345,5422200
2015-06-29,67.349998,67.970001,66.900002,66.970001,61.749153,3140800
2015-06-30,67.690002,67.690002,66.459999,66.879997,61.666168,2246400
2015-07-01,66.910004,67.180000,65.070000,65.419998,60.319992,2638000
2015-07-02,65.559998,66.199997,65.440002,65.709999,60.587383,2040900
2015-07-06,64.599998,65.059998,64.099998,64.410004,59.388737,2484100
2015-07-07,64.139999,65.370003,63.310001,65.050003,59.978844,3123300
2015-07-08,64.550003,65.330002,63.900002,64.370003,59.351856,3019500
2015-07-09,65.620003,65.650002,64.529999,64.650002,59.610012,2103600
2015-07-10,64.940002,65.489998,64.029999,64.339996,59.324184,1984700
2015-07-13,64.459999,64.629997,63.660000,63.980000,58.992249,3974300
2015-07-14,63.980000,65.360001,63.730000,64.570000,59.536251,5220000
2015-07-15,64.160004,64.690002,62.410000,63.049999,58.134754,3191300
2015-07-16,63.279999,63.799999,62.610001,62.680000,57.793594,2782300
2015-07-17,62.380001,62.709999,61.209999,61.419998,56.631828,2231400
2015-07-20,60.970001,61.110001,59.509998,59.599998,54.953709,2486000
2015-07-21,59.799999,60.560001,59.000000,59.180000,54.566448,2470500
2015-07-22,59.340000,59.750000,58.610001,59.000000,54.400478,2144800
2015-07-23,58.959999,59.490002,58.349998,59.279999,54.658653,2333100
2015-07-24,59.389999,59.389999,57.700001,58.490002,53.930241,4584500
2015-07-27,57.650002,58.549999,57.180000,57.680000,53.183388,3321700
2015-07-28,57.980000,59.880001,57.580002,59.650002,54.999809,3838200
2015-07-29,59.950001,61.880001,59.200001,60.040001,55.359409,6091700
2015-07-30,60.040001,60.779999,59.680000,60.330002,55.626793,2984100
2015-07-31,59.720001,60.299999,58.810001,59.009998,54.409698,3033100
2015-08-03,58.209999,58.889999,57.320000,57.700001,53.201832,3295800
2015-08-04,58.070000,58.990002,57.310001,57.549999,53.063522,2991200
2015-08-05,58.459999,58.950001,55.919998,55.919998,51.560589,3877900
2015-08-06,55.580002,56.900002,54.650002,56.810001,52.381207,3819200
2015-08-07,56.599998,57.740002,55.689999,55.919998,51.560589,3174800
2015-08-10,56.119999,58.500000,56.090000,58.439999,53.884132,2678300
2015-08-11,57.220001,57.990002,56.599998,57.889999,53.377010,2393600
2015-08-12,57.419998,59.490002,57.070000,59.419998,54.787739,4753900
2015-08-13,59.110001,59.549999,58.450001,58.790001,54.206848,3258400
2015-08-14,58.730000,60.000000,58.700001,59.080002,54.474247,2663200
2015-08-17,58.619999,59.619999,58.380001,58.779999,54.197632,1776300
2015-08-18,59.509998,59.799999,58.439999,59.209999,54.594105,1773600
2015-08-19,58.750000,59.180000,56.310001,56.730000,52.307446,2471700
2015-08-20,56.529999,57.240002,55.700001,55.740002,51.394619,2640300
2015-08-21,55.310001,56.160000,54.810001,54.990002,50.703098,3426800
2015-08-24,51.779999,54.000000,50.380001,50.980000,47.005707,5732100
2015-08-25,53.009998,53.840000,49.900002,49.939999,46.046772,3798500
2015-08-26,51.230000,51.580002,49.860001,51.220001,47.226994,4019300
2015-08-27,52.570000,56.060001,52.360001,55.759998,51.413055,5105000
2015-08-28,55.509998,58.599998,54.500000,57.459999,52.980541,3963100
2015-08-31,56.110001,59.799999,55.330002,59.450001,54.815403,4186300
2015-09-01,57.270000,58.610001,56.529999,57.070000,52.620937,3903200
2015-09-02,57.820000,57.860001,55.349998,57.509998,53.026634,3555000
2015-09-03,58.000000,59.279999,56.630001,57.400002,52.925224,3289500
2015-09-04,56.410000,57.000000,55.849998,56.349998,51.957066,2173300
2015-09-08,56.910000,57.099998,55.189999,56.529999,52.123039,2957200
2015-09-09,56.990002,58.240002,54.799999,54.919998,50.638550,2710400
2015-09-10,55.139999,55.599998,53.639999,54.099998,49.882477,3943400
2015-09-11,53.080002,53.169998,51.410000,52.500000,48.407211,3932700
2015-09-14,52.360001,52.400002,51.090000,51.980000,47.927750,3609000
2015-09-15,52.299999,53.580002,52.169998,52.790001,48.674606,2975400
2015-09-16,53.490002,54.840000,53.320000,54.689999,50.426479,2531700
2015-09-17,54.490002,56.040001,53.810001,54.599998,50.574677,2818600
2015-09-18,53.599998,53.980000,52.070000,52.430000,48.564663,3553600
2015-09-21,52.959999,53.150002,52.070000,52.299999,48.444252,4019900
2015-09-22,51.360001,52.650002,50.709999,51.150002,47.379032,2705300
2015-09-23,51.459999,51.730000,49.910000,50.070000,46.378647,1853100
2015-09-24,49.860001,50.400002,49.310001,50.049999,46.360123,3662400
2015-09-25,50.529999,50.810001,49.709999,50.270000,46.563911,2769800
2015-09-28,49.410000,49.889999,48.230000,48.259998,44.702099,2614700
2015-09-29,48.470001,48.889999,47.840000,48.279999,44.720619,2216800
2015-09-30,48.639999,50.150002,48.450001,50.060001,46.369392,3316600
2015-10-01,50.810001,51.560001,50.020000,50.750000,47.008511,3373900
2015-10-02,49.639999,53.919998,49.639999,53.689999,49.731773,3119200
2015-10-05,53.950001,56.290001,53.950001,55.880001,51.760323,4755800
2015-10-06,55.910000,59.189999,55.700001,58.779999,54.446514,4388400
2015-10-07,60.230000,61.310001,57.950001,59.980000,55.558044,4463900
2015-10-08,59.950001,63.160000,59.840000,62.570000,57.957104,5269400
2015-10-09,62.509998,63.209999,61.029999,61.910000,57.345757,3059100
2015-10-12,61.910000,62.130001,59.590000,60.130001,55.696991,2552000
2015-10-13,59.529999,60.849998,58.919998,60.279999,55.835930,3316100
2015-10-14,59.970001,60.590000,59.500000,60.209999,55.771088,1993500
2015-10-15,60.150002,61.549999,59.599998,61.419998,56.891880,1665700
2015-10-16,61.740002,62.320000,60.209999,61.029999,56.530643,2156900
2015-10-19,60.230000,60.490002,59.230000,59.820000,55.409855,2408000
2015-10-20,59.360001,60.639999,59.130001,60.349998,55.900768,3065200
2015-10-21,60.049999,60.369999,58.970001,59.080002,54.724407,1738500
2015-10-22,59.750000,61.180000,59.590000,61.130001,56.623272,2721100
2015-10-23,60.709999,61.799999,60.009998,60.869999,56.382435,2159900
2015-10-26,60.580002,60.639999,58.599998,58.709999,54.381683,2256600
2015-10-27,57.779999,57.869999,55.740002,56.930000,52.732910,4287200
2015-10-28,53.299999,57.540001,53.049999,57.070000,52.862583,7166700
2015-10-29,57.049999,58.610001,56.070000,56.139999,52.001144,4218700
2015-10-30,56.520000,57.000000,54.680000,56.209999,52.065990,3721600
2015-11-02,55.740002,57.849998,55.689999,57.619999,53.372028,2984000
2015-11-03,58.299999,60.709999,58.099998,60.150002,55.715511,2945500
2015-11-04,60.150002,61.549999,58.939999,60.419998,55.965603,3905900
2015-11-05,60.529999,64.080002,60.209999,62.189999,57.605118,7542400
2015-11-06,61.680000,62.860001,61.369999,62.759998,58.133095,3044000
2015-11-09,62.650002,64.000000,61.570000,61.980000,57.410606,3114100
2015-11-10,61.599998,62.910000,61.299999,62.790001,58.160881,2415400
2015-11-11,62.750000,63.209999,60.950001,61.160000,56.651054,3459900
2015-11-12,60.009998,60.959999,59.450001,59.720001,55.317211,2747300
2015-11-13,59.439999,60.560001,58.529999,59.759998,55.354271,2179400
2015-11-16,60.000000,61.849998,59.470001,61.840000,57.280926,2414600
2015-11-17,60.759998,61.130001,59.209999,60.090000,55.659943,2501100
2015-11-18,60.520000,61.709999,59.570000,61.169998,56.660316,2329100
2015-11-19,60.779999,61.169998,59.320000,60.099998,55.669197,2059200
2015-11-20,60.040001,60.689999,58.740002,58.939999,54.594719,3401500
2015-11-23,58.939999,59.549999,58.349998,58.750000,54.418728,2097100
2015-11-24,59.230000,61.680000,59.150002,61.360001,56.836308,2771500
2015-11-25,60.669998,61.529999,59.939999,60.880001,56.391705,2001500
2015-11-27,60.139999,60.509998,58.470001,59.090000,54.733669,995600
2015-11-30,59.320000,59.950001,58.650002,59.000000,54.650291,2273300
2015-12-01,59.320000,59.639999,58.439999,59.549999,55.159748,2215700
2015-12-02,58.889999,59.060001,56.290001,56.740002,52.556915,3292700
2015-12-03,57.150002,57.990002,55.360001,55.560001,51.463917,5252200
2015-12-04,54.360001,55.230000,53.150002,54.900002,50.852570,4964600
2015-12-07,53.009998,53.470001,51.830002,53.000000,49.092640,4956800
2015-12-08,51.430000,53.080002,50.619999,51.950001,48.120045,3666000
2015-12-09,52.400002,54.119999,51.430000,51.970001,48.138580,3336000
2015-12-10,51.619999,53.110001,51.099998,52.480000,48.610977,3718700
2015-12-11,51.730000,51.750000,49.500000,50.430000,46.712105,4142200
2015-12-14,49.849998,50.720001,48.889999,50.119999,46.424965,4079200
2015-12-15,51.119999,51.939999,50.790001,51.730000,48.156475,4101000
2015-12-16,51.369999,52.520000,50.400002,50.919998,47.402435,4409000
2015-12-17,51.040001,51.180000,48.470001,49.200001,45.801250,4490000
2015-12-18,49.200001,50.840000,48.470001,48.500000,45.149609,5523600
2015-12-21,48.869999,49.240002,47.040001,47.439999,44.162834,5436300
2015-12-22,47.720001,48.759998,47.369999,48.480000,45.130981,3320200
2015-12-23,49.770000,51.320000,49.549999,51.270000,47.728249,3910500
2015-12-24,51.110001,51.259998,49.830002,50.570000,47.076611,1147100
2015-12-28,49.430000,49.900002,48.740002,48.990002,45.605762,2298600
2015-12-29,49.799999,49.990002,48.790001,49.360001,45.950199,1893500
2015-12-30,48.490002,49.610001,48.099998,48.169998,44.842400,1932300
2015-12-31,47.740002,48.900002,47.709999,48.480000,45.130981,2394700
2016-01-04,48.400002,49.849998,47.570000,48.180000,44.851723,3273600
2016-01-05,47.680000,48.119999,46.630001,48.070000,44.749306,3143500
2016-01-06,46.680000,46.770000,44.860001,45.070000,41.956547,7968400
2016-01-07,44.000000,45.509998,43.490002,43.619999,40.606716,4562900
2016-01-08,43.930000,44.419998,42.860001,43.580002,40.569477,3851900
2016-01-11,43.549999,43.770000,41.299999,41.689999,38.810032,6021500
2016-01-12,42.490002,42.820000,38.799999,39.599998,36.864418,6291100
2016-01-13,40.189999,41.049999,38.220001,38.590000,35.924187,7043000
2016-01-14,38.880001,40.540001,38.470001,39.959999,37.199551,7968400
2016-01-15,38.000000,39.209999,37.709999,38.720001,36.045216,6923600
2016-01-19,38.970001,39.259998,35.720001,36.529999,34.006496,6149500
2016-01-20,35.770000,35.770000,32.410000,35.209999,32.777676,10518900
2016-01-21,35.070000,37.950001,35.000000,37.619999,35.021198,7468600
2016-01-22,39.410000,39.950001,36.799999,38.330002,35.682148,7601000
2016-01-25,37.160000,37.840000,34.279999,34.380001,32.005020,10090500
2016-01-26,35.119999,35.980000,34.549999,34.810001,32.405312,8791100
2016-01-27,34.970001,39.660000,34.020000,36.849998,34.304386,11428700
2016-01-28,40.590000,41.990002,39.049999,40.340000,37.553295,9889000
2016-01-29,40.830002,42.660000,40.520000,42.500000,39.564091,8134500
2016-02-01,41.380001,42.259998,40.799999,41.759998,38.875206,6180900
2016-02-02,40.570000,40.570000,38.770000,39.360001,36.641010,7280400
2016-02-03,40.270000,43.020000,38.970001,42.990002,40.020245,10059700
2016-02-04,43.380001,45.160000,42.529999,43.470001,40.467083,10121600
2016-02-05,38.700001,39.299999,38.000000,38.020000,35.393570,40193500
2016-02-08,37.230000,39.119999,37.000000,38.990002,36.296562,14543500
2016-02-09,38.279999,39.369999,37.349998,38.700001,36.026588,8910000
2016-02-10,39.220001,40.150002,38.750000,39.290001,36.575832,9993900
2016-02-11,38.439999,39.410000,36.950001,38.930000,36.240704,9707200
2016-02-12,39.279999,40.150002,38.500000,40.110001,37.339191,12408000
2016-02-16,41.000000,41.250000,39.959999,40.840000,38.018768,6583500
2016-02-17,41.570000,44.139999,41.430000,43.470001,40.467083,7811600
2016-02-18,44.000000,44.200001,41.490002,42.070000,39.163792,7996700
2016-02-19,41.540001,42.340000,40.250000,42.310001,39.387207,6160300
2016-02-22,43.470001,44.590000,43.040001,44.580002,41.500404,5400700
2016-02-23,43.660000,44.709999,41.610001,41.919998,39.024147,5151400
2016-02-24,40.650002,42.040001,39.980000,41.700001,38.819355,4909000
2016-02-25,41.660000,42.369999,39.950001,41.580002,38.707642,4257300
2016-02-26,42.689999,43.619999,42.480000,43.070000,40.094719,5549300
2016-02-29,43.049999,44.009998,42.619999,43.599998,40.588100,6697300
2016-03-01,43.790001,44.709999,42.560001,44.310001,41.249054,5232300
2016-03-02,44.090000,46.939999,43.860001,46.919998,43.678749,5048300
2016-03-03,46.599998,48.240002,46.250000,48.000000,44.684143,5752600
2016-03-04,49.169998,50.540001,47.610001,48.389999,45.047211,7051900
2016-03-07,48.509998,49.880001,47.959999,49.279999,45.875721,8473500
2016-03-08,48.840000,48.959999,46.529999,46.759998,43.529808,5907300
2016-03-09,47.680000,48.209999,46.230000,47.080002,43.827698,4652700
2016-03-10,47.150002,48.360001,45.990002,48.270000,44.935493,5524200
2016-03-11,49.320000,51.950001,49.279999,51.259998,47.718945,7686200
2016-03-14,50.000000,50.650002,49.080002,50.200001,46.732170,4332600
2016-03-15,48.820000,50.279999,48.169998,50.169998,46.937992,3496400
2016-03-16,50.650002,51.980000,49.919998,51.830002,48.491058,4016900
2016-03-17,52.290001,54.180000,51.939999,53.189999,49.763447,5931400
2016-03-18,54.500000,54.650002,53.020000,53.900002,50.427715,7381900
2016-03-21,53.400002,54.509998,52.220001,53.840000,50.371571,4672000
2016-03-22,53.660000,54.830002,53.450001,53.700001,50.240597,3329400
2016-03-23,53.080002,53.299999,51.450001,51.599998,48.275875,4246500
2016-03-24,50.180000,52.270000,49.700001,52.099998,48.743664,4212300
2016-03-28,52.490002,52.590000,50.230000,50.840000,47.564838,3845300
2016-03-29,49.650002,50.419998,48.900002,50.400002,47.153179,4434900
2016-03-30,51.599998,52.029999,50.259998,50.970001,47.686459,3270200
2016-03-31,50.730000,52.959999,50.520000,52.650002,49.258228,4264400
2016-04-01,51.410000,52.180000,51.119999,52.029999,48.678169,3415400
2016-04-04,52.540001,52.880001,50.470001,50.549999,47.293522,3484200
2016-04-05,49.939999,51.430000,49.520000,51.259998,47.957779,3202500
2016-04-06,51.500000,54.439999,51.330002,54.000000,50.521263,4509800
2016-04-07,53.470001,54.270000,52.000000,52.900002,49.492130,3591300
2016-04-08,54.639999,55.049999,53.830002,54.480000,50.970345,3419700
2016-04-11,55.060001,55.860001,54.650002,54.740002,51.213593,3872700
2016-04-12,55.330002,57.790001,54.790001,57.360001,53.664810,5369000
2016-04-13,57.279999,57.650002,56.130001,56.580002,52.935062,4069600
2016-04-14,56.730000,57.880001,56.459999,57.720001,54.001621,3856400
2016-04-15,57.250000,57.580002,56.590000,57.169998,53.487041,4578200
2016-04-18,55.419998,60.110001,55.299999,59.840000,55.985043,9347800
2016-04-19,60.410000,61.349998,59.259998,61.169998,57.229359,4789400
2016-04-20,60.470001,62.080002,59.990002,61.180000,57.238724,5894400
2016-04-21,61.369999,61.799999,59.959999,60.180000,56.303139,4905000
2016-04-22,60.500000,63.619999,60.419998,63.380001,59.296997,5910000
2016-04-25,62.740002,63.049999,60.980000,61.869999,57.884270,3854400
2016-04-26,62.049999,63.509998,61.869999,63.250000,59.175373,4697600
2016-04-27,62.000000,63.759998,60.700001,61.270000,57.322929,8447400
2016-04-28,60.439999,61.450001,59.099998,59.180000,55.367565,7033500
2016-04-29,59.810001,60.720001,58.029999,59.619999,55.779209,4629200
2016-05-02,59.560001,59.759998,58.240002,58.980000,55.180443,3295100
2016-05-03,58.279999,58.820000,56.439999,56.750000,53.094109,4137900
2016-05-04,57.400002,57.759998,54.750000,55.320000,51.756229,3796400
2016-05-05,57.209999,57.669998,55.349998,55.880001,52.280151,3638200
2016-05-06,55.060001,56.900002,55.020000,56.150002,52.532761,3585800
2016-05-09,55.410000,55.889999,53.930000,54.470001,50.960987,3164800
2016-05-10,54.950001,57.759998,54.630001,57.709999,53.992268,4443400
2016-05-11,57.509998,59.250000,56.919998,58.320000,54.562962,4455500
2016-05-12,59.200001,60.299999,57.470001,58.139999,54.394562,3713000
2016-05-13,57.869999,58.880001,57.570000,57.759998,54.039040,3216800
2016-05-16,58.820000,59.720001,58.200001,58.419998,54.656521,3339000
2016-05-17,58.299999,59.009998,57.360001,57.660000,53.945488,4640400
2016-05-18,57.730000,58.509998,57.330002,57.959999,54.226151,3994600
2016-05-19,57.009998,57.540001,55.540001,57.259998,53.571251,3838400
2016-05-20,57.549999,57.950001,56.549999,57.660000,53.945488,2743400
2016-05-23,56.959999,59.090000,56.619999,58.590000,54.815582,2558600
2016-05-24,58.930000,58.990002,57.799999,58.200001,54.450695,2311700
2016-05-25,58.779999,60.930000,58.779999,60.639999,56.733509,3708700
2016-05-26,61.509998,62.000000,60.400002,60.439999,56.546394,3399600
2016-05-27,59.939999,61.169998,59.459999,60.230000,56.349915,3747200
2016-05-31,60.439999,61.119999,59.560001,59.930000,56.069241,2650500
2016-06-01,59.930000,59.930000,57.669998,58.919998,55.124313,3284200
2016-06-02,58.240002,59.230000,57.799999,59.230000,55.414345,2451200
2016-06-03,59.330002,59.740002,58.130001,58.360001,54.600384,2079300
2016-06-06,58.950001,60.369999,58.590000,60.310001,56.424770,2925300
2016-06-07,60.910000,61.759998,60.200001,61.570000,57.603592,3359600
2016-06-08,62.230000,63.000000,61.220001,61.860001,57.874920,2690800
2016-06-09,60.720001,61.730000,60.349998,60.380001,56.490261,2304400
2016-06-10,59.509998,59.910000,57.180000,57.700001,53.982910,3635900
2016-06-13,57.279999,58.570000,56.930000,57.490002,53.786438,2336600
2016-06-14,57.000000,58.180000,56.810001,57.820000,54.331436,2144800
2016-06-15,57.650002,58.259998,56.250000,57.150002,53.701866,3637200
2016-06-16,56.389999,56.459999,54.419998,56.099998,52.715221,4120500
2016-06-17,57.020000,57.610001,56.730000,56.959999,53.523323,2947300
2016-06-20,58.180000,58.810001,57.730000,58.320000,54.801277,2825300
2016-06-21,58.119999,58.820000,57.500000,58.700001,55.158344,2241900
2016-06-22,59.029999,59.029999,57.840000,58.020000,54.519375,1880500
2016-06-23,58.730000,59.790001,58.330002,59.770000,56.163792,2501400
2016-06-24,57.040001,58.070000,55.509998,55.830002,52.461514,4830300
2016-06-27,54.869999,55.119999,51.820000,52.630001,49.454578,6076000
2016-06-28,54.500000,55.540001,53.720001,55.139999,51.813133,4226900
2016-06-29,55.869999,57.980000,55.430000,57.770000,54.284458,3837600
2016-06-30,59.419998,60.380001,58.810001,60.099998,56.473881,11904700
2016-07-01,60.009998,61.540001,59.689999,60.150002,56.520866,3315600
2016-07-05,58.650002,59.279999,56.189999,56.959999,53.523323,4089100
2016-07-06,56.540001,56.959999,55.860001,56.880001,53.448162,3065100
2016-07-07,57.730000,58.680000,55.849998,56.480000,53.072289,4218100
2016-07-08,57.680000,57.869999,55.770000,56.810001,53.382378,3259200
2016-07-11,57.230000,57.410000,55.990002,56.070000,52.687019,2337000
2016-07-12,57.240002,60.169998,57.080002,60.130001,56.502064,4561700
2016-07-13,59.990002,60.119999,57.459999,58.020000,54.519375,4019900
2016-07-14,59.090000,59.430000,57.980000,58.009998,54.509972,2839500
2016-07-15,58.080002,58.360001,56.680000,56.930000,53.495144,3409300
2016-07-18,56.720001,57.650002,56.250000,57.599998,54.124710,2802700
2016-07-19,57.099998,57.480000,55.840000,56.110001,52.724613,2305200
2016-07-20,55.810001,56.680000,54.720001,56.360001,52.959530,3171000
2016-07-21,56.279999,56.930000,54.720001,54.910000,51.597015,1917600
2016-07-22,55.259998,55.430000,53.660000,54.119999,50.854679,2773400
2016-07-25,53.500000,53.779999,52.360001,52.810001,49.623730,4099400
2016-07-26,52.459999,53.709999,52.160000,53.680000,50.441231,3789100
2016-07-27,52.000000,53.660000,50.549999,51.599998,48.486721,9367200
2016-07-28,51.500000,53.000000,51.279999,52.169998,49.022327,5308100
2016-07-29,51.410000,53.820000,51.410000,53.650002,50.413036,4098000
2016-08-01,52.669998,52.730000,51.009998,51.230000,48.139038,5623200
2016-08-02,51.480000,51.959999,50.310001,51.750000,48.627674,4733200
2016-08-03,51.740002,53.730000,51.630001,53.389999,50.168728,6177000
2016-08-04,53.279999,55.139999,53.110001,53.869999,50.619766,5349900
2016-08-05,54.000000,54.759998,53.580002,54.639999,51.343307,3479600
2016-08-08,55.439999,56.459999,55.279999,55.919998,52.546070,3595200
2016-08-09,56.090000,56.169998,54.830002,55.419998,52.076244,2664400
2016-08-10,55.529999,56.040001,54.549999,54.720001,51.418480,3443700
2016-08-11,55.230000,57.279999,54.980000,56.540001,53.128670,3961300
2016-08-12,56.810001,56.980000,55.849998,56.279999,52.884350,3270200
2016-08-15,56.810001,57.439999,56.340000,56.650002,53.232040,4474600
2016-08-16,56.459999,56.939999,55.549999,56.669998,53.250816,3076300
2016-08-17,56.570000,56.900002,55.750000,56.700001,53.279022,2609600
2016-08-18,56.939999,57.880001,56.869999,57.619999,54.143509,3320100
2016-08-19,57.279999,57.560001,56.520000,57.230000,53.777035,2887400
2016-08-22,56.250000,56.730000,55.279999,56.200001,52.809177,4498500
2016-08-23,55.939999,56.840000,55.939999,56.419998,53.015907,2289200
2016-08-24,56.080002,56.930000,55.840000,56.349998,52.950130,3289200
2016-08-25,56.310001,57.349998,55.869999,56.810001,53.382378,3464300
2016-08-26,56.980000,57.889999,56.160000,56.669998,53.250816,2616400
2016-08-29,56.450001,56.580002,55.860001,56.419998,53.015907,2323900
2016-08-30,56.770000,57.619999,55.860001,56.080002,52.696423,1904700
2016-08-31,55.560001,56.029999,54.009998,54.299999,51.023811,3555400
2016-09-01,53.750000,54.220001,52.759998,53.310001,50.093555,3776700
2016-09-02,53.919998,54.349998,52.869999,53.080002,49.877426,3916900
2016-09-06,51.430000,51.709999,48.869999,51.230000,48.139038,11155600
2016-09-07,51.560001,51.650002,50.209999,50.810001,47.744385,7258400
2016-09-08,51.389999,52.759998,51.080002,52.549999,49.379402,5192000
2016-09-09,51.770000,52.020000,49.880001,49.919998,46.908085,5185200
2016-09-12,49.580002,50.560001,49.080002,49.880001,46.870502,5132500
2016-09-13,48.950001,49.020000,47.220001,47.770000,44.887802,6418500
2016-09-14,47.619999,48.020000,46.580002,46.910000,44.079689,5682700
2016-09-15,46.910000,47.270000,46.340000,46.650002,44.070244,5591300
2016-09-16,45.790001,46.790001,45.660000,46.480000,43.909649,5518800
2016-09-19,47.000000,47.270000,45.950001,45.959999,43.418404,3652600
2016-09-20,45.980000,46.430000,45.369999,45.669998,43.144444,5156400
2016-09-21,46.330002,47.009998,45.799999,47.000000,44.400894,6456400
2016-09-22,47.840000,48.590000,47.570000,47.779999,45.137760,5406400
2016-09-23,47.360001,48.169998,46.509998,46.910000,44.315872,4682300
2016-09-26,47.130001,48.220001,47.009998,47.630001,44.996059,5256300
2016-09-27,47.090000,47.250000,46.330002,46.810001,44.221401,3834500
2016-09-28,47.189999,49.980000,46.410000,49.840000,47.083839,6643800
2016-09-29,49.520000,53.389999,49.520000,52.150002,49.266094,9295500
2016-09-30,52.669998,53.959999,52.250000,53.619999,50.654800,6963100
2016-10-03,53.570000,54.630001,52.750000,53.900002,50.919323,4112600
2016-10-04,54.070000,54.230000,51.930000,52.250000,49.360569,4734900
2016-10-05,53.040001,53.869999,52.820000,53.480000,50.522552,3427500
2016-10-06,53.730000,54.029999,52.700001,53.660000,50.692596,2982300
2016-10-07,53.549999,54.160000,53.049999,53.070000,50.135220,4025200
2016-10-10,53.610001,54.669998,53.549999,53.950001,50.966553,3298100
2016-10-11,53.779999,53.840000,52.520000,52.570000,49.662876,3006800
2016-10-12,52.240002,52.330002,51.349998,51.959999,49.086597,3311900
2016-10-13,51.430000,51.730000,50.660000,51.520000,48.670937,3104500
2016-10-14,51.889999,52.509998,51.020000,51.700001,48.840984,3858900
2016-10-17,51.480000,51.810001,50.299999,50.820000,48.009640,2656700
2016-10-18,51.680000,51.720001,50.790001,50.980000,48.160801,2453500
2016-10-19,51.619999,53.240002,51.279999,52.369999,49.473934,3695200
2016-10-20,51.740002,52.770000,51.540001,52.650002,49.738445,2248100
2016-10-21,52.139999,52.779999,51.930000,52.759998,49.842365,2488000
2016-10-24,52.759998,53.380001,51.380001,52.220001,49.332230,3239700
2016-10-25,52.419998,52.799999,50.799999,50.900002,48.085224,4509400
2016-10-26,52.049999,53.009998,48.669998,50.259998,47.480614,8766100
2016-10-27,50.700001,51.279999,49.880001,50.419998,47.631763,4812700
2016-10-28,50.389999,51.669998,50.020000,50.299999,47.518402,3224000
2016-10-31,50.080002,50.250000,47.810001,47.970001,45.317249,4938200
2016-11-01,48.520000,48.759998,46.810001,47.849998,45.203884,4069800
2016-11-02,47.009998,47.450001,46.060001,47.090000,44.485920,4800700
2016-11-03,47.509998,48.349998,46.880001,47.090000,44.485920,2554800
2016-11-04,46.910000,47.529999,46.259998,46.419998,43.852962,3591500
2016-11-07,47.520000,47.770000,46.910000,47.439999,44.816555,3424600
2016-11-08,46.880001,48.049999,46.799999,47.740002,45.099972,2888700
2016-11-09,47.610001,49.660000,47.540001,49.000000,46.290291,4343300
2016-11-10,48.650002,50.340000,48.570000,49.639999,46.894901,3148100
2016-11-11,48.950001,49.220001,47.540001,47.580002,44.948818,3538200
2016-11-14,47.130001,48.259998,46.610001,48.070000,45.411720,6876600
2016-11-15,48.730000,50.779999,48.680000,50.590000,47.792362,6937000
2016-11-16,50.330002,51.389999,49.709999,50.820000,48.009640,3351400
2016-11-17,51.529999,52.250000,50.380001,50.500000,47.707336,3544400
2016-11-18,50.590000,52.389999,50.590000,50.970001,48.151352,5421700
2016-11-21,52.500000,53.900002,52.180000,52.810001,49.889595,3832900
2016-11-22,53.349998,53.939999,51.340000,52.619999,49.710102,2654400
2016-11-23,51.970001,53.540001,51.599998,53.200001,50.258034,2348000
2016-11-25,52.619999,52.910000,52.110001,52.730000,49.814026,947400
2016-11-28,53.110001,53.389999,50.860001,51.000000,48.179691,3115300
2016-11-29,49.700001,49.810001,48.520000,49.049999,46.337532,4830600
2016-11-30,52.759998,56.930000,52.759998,55.959999,52.865398,13801700
2016-12-01,57.790001,57.900002,55.720001,56.110001,53.007114,5591300
2016-12-02,55.880001,58.740002,55.720001,57.919998,54.717018,6113700
2016-12-05,59.000000,60.500000,58.650002,59.000000,55.737293,7532700
2016-12-06,58.360001,60.599998,57.830002,59.810001,56.502502,4952900
2016-12-07,59.919998,60.980000,59.320000,60.950001,57.579460,4707200
2016-12-08,61.790001,62.000000,60.750000,61.669998,58.259636,6004800
2016-12-09,61.880001,62.779999,61.400002,62.759998,59.289356,4400200
2016-12-12,64.300003,64.940002,62.799999,62.900002,59.421623,5285600
2016-12-13,63.529999,65.559998,62.779999,65.139999,61.537746,6543000
2016-12-14,64.190002,65.010002,62.799999,63.169998,59.676685,6065500
2016-12-15,62.180000,63.709999,61.750000,62.680000,59.449055,3641100
2016-12-16,62.980000,63.110001,62.049999,62.500000,59.278336,3908400
2016-12-19,62.250000,63.660000,61.610001,63.369999,60.103489,2864100
2016-12-20,63.630001,64.389999,63.119999,63.389999,60.122463,2434300
2016-12-21,63.970001,64.489998,63.509998,63.560001,60.283699,2246500
2016-12-22,63.580002,63.770000,62.880001,63.709999,60.425961,1813500
2016-12-23,63.380001,64.190002,63.090000,63.779999,60.492359,2235900
2016-12-27,64.139999,64.849998,63.660000,64.410004,61.089886,1834300
2016-12-28,64.449997,64.910004,63.279999,63.480000,60.207821,1500900
2016-12-29,63.610001,63.750000,62.419998,62.900002,59.657722,1437500
2016-12-30,62.900002,63.279999,62.070000,62.290001,59.079163,1974000
2017-01-03,63.380001,64.400002,62.150002,62.820000,59.581844,4531800
2017-01-04,62.840000,63.049999,60.880001,61.930000,58.737717,5007100
2017-01-05,62.110001,62.470001,60.939999,62.099998,58.898956,3797000
2017-01-06,62.209999,62.400002,61.700001,61.900002,58.709267,1978900
2017-01-09,61.330002,61.580002,60.570000,60.610001,57.485764,2492400
2017-01-10,60.820000,62.000000,60.500000,61.450001,58.282467,2243500
2017-01-11,61.750000,62.240002,60.790001,61.840000,58.652359,2089400
2017-01-12,59.860001,59.990002,56.650002,58.849998,55.816483,16844900
2017-01-13,58.400002,59.869999,58.250000,58.889999,55.854420,13255600
2017-01-17,59.270000,60.130001,58.410000,59.299999,56.243294,5683200
2017-01-18,58.689999,59.419998,58.389999,58.830002,55.797512,2618400
2017-01-19,58.500000,58.970001,57.650002,57.720001,54.744736,3172800
2017-01-20,58.709999,59.080002,57.540001,57.980000,54.991329,3215500
2017-01-23,57.470001,57.959999,56.689999,57.150002,54.204113,3033500
2017-01-24,57.720001,58.040001,56.650002,57.520000,54.555042,4016100
2017-01-25,57.049999,58.500000,56.220001,56.459999,53.549679,6204900
2017-01-26,56.380001,57.040001,55.740002,56.169998,53.274628,3905100
2017-01-27,55.830002,55.959999,54.509998,54.869999,52.041634,3970500
2017-01-30,54.720001,54.830002,53.000000,53.939999,51.159576,5820200
2017-01-31,53.900002,54.209999,53.130001,54.180000,51.387207,4163400
2017-02-01,54.630001,54.959999,53.040001,53.509998,50.751736,3991600
2017-02-02,53.700001,54.290001,52.939999,53.959999,51.178539,3166600
2017-02-03,54.000000,54.759998,53.619999,54.310001,51.510498,3461700
2017-02-06,54.389999,54.480000,52.660000,53.160000,50.419781,3322200
2017-02-07,52.630001,52.639999,51.070000,51.509998,48.854832,4966700
2017-02-08,51.029999,52.389999,50.430000,51.540001,48.883293,4908800
2017-02-09,51.540001,52.570000,51.540001,52.320000,49.623081,2532900
2017-02-10,53.080002,53.529999,52.200001,52.509998,49.803284,2998000
2017-02-13,52.169998,52.290001,51.720001,51.880001,49.205765,3600900
2017-02-14,52.119999,52.250000,51.400002,52.000000,49.319580,2847600
2017-02-15,51.900002,52.130001,51.020000,51.049999,48.418541,2979700
2017-02-16,51.400002,51.619999,50.860001,51.299999,48.655659,4128000
2017-02-17,50.990002,51.860001,50.799999,51.750000,49.082466,3355000
2017-02-21,52.560001,53.419998,52.470001,52.820000,50.097305,4058100
2017-02-22,52.270000,52.610001,51.529999,51.560001,48.902256,2940800
2017-02-23,52.570000,53.340000,51.889999,52.520000,49.812771,5019200
2017-02-24,51.840000,53.119999,51.680000,52.490002,49.784321,3092700
2017-02-27,52.770000,52.980000,52.240002,52.689999,49.974003,4058600
2017-02-28,52.290001,52.310001,51.310001,51.439999,48.788441,4384400
2017-03-01,51.900002,52.299999,51.279999,51.660000,48.997097,5234200
2017-03-02,51.250000,52.200001,51.230000,51.759998,49.091942,3664100
2017-03-03,51.849998,52.020000,50.900002,51.029999,48.399570,2890600
2017-03-06,51.119999,51.189999,50.470001,51.029999,48.399570,2413600
2017-03-07,51.150002,51.259998,49.250000,49.509998,46.957920,3781200
2017-03-08,49.169998,49.689999,47.779999,47.869999,45.402466,3786800
2017-03-09,47.910000,48.549999,46.830002,48.380001,45.886181,4181600
2017-03-10,48.840000,48.950001,47.070000,47.419998,44.975651,3426600
2017-03-13,47.110001,47.919998,47.110001,47.790001,45.566818,6241200
2017-03-14,47.130001,47.310001,46.150002,47.169998,44.975651,3517300
2017-03-15,47.709999,49.310001,47.360001,49.150002,46.863552,3989100
2017-03-16,49.160000,49.240002,48.209999,48.590000,46.329601,2473900
2017-03-17,48.709999,48.939999,48.080002,48.259998,46.014950,3236300
2017-03-20,47.840000,48.439999,47.480000,48.299999,46.053089,3233400
2017-03-21,48.529999,48.619999,47.270000,47.669998,45.452396,3033600
2017-03-22,47.459999,47.459999,46.639999,46.840000,44.661011,2768600
2017-03-23,46.689999,47.099998,46.450001,46.540001,44.374973,2565000
2017-03-24,46.689999,47.130001,45.889999,46.099998,43.955433,2625600
2017-03-27,45.500000,45.889999,45.119999,45.790001,43.659855,3251100
2017-03-28,46.000000,47.580002,45.830002,47.450001,45.242638,4137100
2017-03-29,47.439999,49.930000,47.369999,49.759998,47.445168,5019600
2017-03-30,50.000000,50.470001,48.750000,48.980000,46.701466,7162900
2017-03-31,48.820000,49.310001,47.939999,48.209999,45.967278,5024900
2017-04-03,48.369999,48.529999,46.580002,46.970001,44.784969,4992600
2017-04-04,47.110001,47.709999,46.509998,47.639999,45.423794,6301100
2017-04-05,48.240002,48.590000,47.099998,47.209999,45.013802,5831900
2017-04-06,47.650002,48.279999,47.500000,48.240002,45.995884,3643400
2017-04-07,48.349998,48.770000,47.980000,48.049999,45.814720,2166400
2017-04-10,48.560001,50.299999,48.549999,49.970001,47.645405,4228500
2017-04-11,50.520000,51.169998,49.790001,51.110001,48.732368,6046400
2017-04-12,51.000000,52.099998,50.310001,50.570000,48.217495,6390400
2017-04-13,50.410000,50.790001,49.160000,49.439999,47.140057,3488500
2017-04-17,49.419998,49.570000,48.919998,49.410000,47.111458,3423000
2017-04-18,48.939999,49.189999,47.950001,48.189999,45.948208,3579300
2017-04-19,48.259998,48.520000,46.560001,46.700001,44.527523,4017700
2017-04-20,46.889999,47.389999,46.349998,46.889999,44.708683,3340000
2017-04-21,46.599998,47.590000,46.599998,47.310001,45.109150,3320400
2017-04-24,47.959999,48.000000,47.160000,47.660000,45.442867,3794900
2017-04-25,47.840000,48.799999,47.369999,48.639999,46.377274,5374000
2017-04-26,51.099998,52.000000,49.279999,49.509998,47.206799,8575500
2017-04-27,49.049999,49.910000,47.990002,49.759998,47.445168,5811000
2017-04-28,50.259998,50.349998,48.770000,48.830002,46.558434,2883100
2017-05-01,48.639999,48.799999,47.810001,47.970001,45.738445,3417800
2017-05-02,48.220001,48.320000,46.750000,47.009998,44.823097,3315400
2017-05-03,46.810001,47.400002,46.549999,46.869999,44.689617,3543100
2017-05-04,46.389999,46.389999,45.290001,45.840000,43.707531,5048500
2017-05-05,46.450001,47.480000,46.180000,47.419998,45.214027,4354100
2017-05-08,47.439999,48.490002,47.209999,48.430000,46.177044,4022400
2017-05-09,48.430000,48.500000,47.680000,47.830002,45.604958,3166800
2017-05-10,48.180000,49.549999,48.060001,49.230000,46.939827,4232000
2017-05-11,49.360001,49.919998,49.200001,49.660000,47.349823,4992200
2017-05-12,49.520000,49.790001,49.080002,49.369999,47.073322,3560800
2017-05-15,51.259998,51.259998,49.619999,49.709999,47.397495,4623100
2017-05-16,50.060001,50.160000,48.400002,48.779999,46.510761,2858400
2017-05-17,48.779999,48.919998,47.669998,47.950001,45.719376,2725500
2017-05-18,47.610001,48.240002,47.160000,47.779999,45.557281,2830400
2017-05-19,48.200001,49.380001,47.950001,48.930000,46.653790,3649100
2017-05-22,49.439999,49.970001,48.910000,49.240002,46.949368,2801600
2017-05-23,49.250000,49.919998,48.799999,49.570000,47.264015,2923000
2017-05-24,49.430000,49.970001,49.230000,49.549999,47.244946,3403000
2017-05-25,49.029999,50.599998,47.580002,47.799999,45.576347,4188600
2017-05-26,47.950001,48.209999,47.080002,48.139999,45.900532,3143200
2017-05-30,47.529999,47.599998,46.369999,46.669998,44.498920,4539700
2017-05-31,46.119999,46.250000,45.130001,45.889999,43.755207,4682800
2017-06-01,46.080002,47.240002,45.459999,46.650002,44.479858,2892900
2017-06-02,46.110001,46.220001,45.259998,45.750000,43.621716,3635400
2017-06-05,45.619999,46.430000,45.419998,46.110001,43.964970,2881700
2017-06-06,45.970001,47.259998,45.540001,46.939999,44.756359,2903400
2017-06-07,46.730000,47.099998,44.570000,44.799999,42.715912,5189100
2017-06-08,44.799999,45.070000,43.410000,43.490002,41.466854,5427800
2017-06-09,43.680000,45.529999,43.419998,45.490002,43.373817,4413400
2017-06-12,45.990002,46.669998,45.380001,45.380001,43.268929,3973000
2017-06-13,45.349998,46.660000,45.320000,46.570000,44.403572,3714800
2017-06-14,46.099998,46.110001,44.580002,45.290001,43.416191,5292800
2017-06-15,44.759998,44.950001,43.110001,43.490002,41.690662,5399000
2017-06-16,43.930000,44.389999,42.680000,43.619999,41.815273,7791200
2017-06-19,43.619999,43.630001,42.810001,42.959999,41.182583,5299400
2017-06-20,42.349998,42.349998,40.020000,41.590000,39.869270,8197300
2017-06-21,41.490002,42.130001,40.020000,40.310001,38.642231,6283200
2017-06-22,40.439999,41.389999,39.889999,41.009998,39.313259,6827000
2017-06-23,41.299999,41.889999,41.009998,41.400002,39.687134,4376300
2017-06-26,41.549999,41.810001,40.849998,41.590000,39.869270,2677500
2017-06-27,41.590000,41.840000,41.110001,41.369999,39.658371,4285400
2017-06-28,41.500000,42.650002,41.340000,42.090000,40.348583,5788200
2017-06-29,42.230000,43.480000,42.099998,43.000000,41.220936,8261500
2017-06-30,43.419998,44.240002,42.959999,43.869999,42.054935,4766800
2017-07-03,44.189999,45.669998,44.189999,45.419998,43.540810,2604700
2017-07-05,44.880001,45.070000,43.049999,43.360001,41.566040,5874800
2017-07-06,43.750000,44.480000,42.740002,42.830002,41.057972,3928200
2017-07-07,42.410000,42.450001,41.009998,41.790001,40.060989,5946800
2017-07-10,41.630001,42.720001,41.450001,42.459999,40.703281,3822100
2017-07-11,42.279999,43.279999,41.880001,43.060001,41.278458,2983200
2017-07-12,43.770000,44.189999,42.790001,43.130001,41.345551,3638900
2017-07-13,43.130001,43.349998,42.750000,43.310001,41.518108,2759900
2017-07-14,43.470001,44.119999,43.330002,43.959999,42.141212,3299900
2017-07-17,43.700001,44.220001,43.560001,43.590000,41.786522,2427500
2017-07-18,43.939999,44.099998,43.139999,43.360001,41.566040,2265700
2017-07-19,43.259998,45.029999,43.240002,44.939999,43.080662,3372000
2017-07-20,45.349998,45.400002,43.959999,44.049999,42.227497,2846600
2017-07-21,43.889999,44.220001,43.279999,43.459999,41.661900,3394400
2017-07-24,43.759998,44.240002,43.509998,44.130001,42.304184,3965800
2017-07-25,44.959999,45.939999,44.959999,45.369999,43.492878,5754100
2017-07-26,46.200001,46.590000,43.419998,43.470001,41.671494,7444900
2017-07-27,43.439999,43.990002,42.950001,43.980000,42.160385,4488100
2017-07-28,43.830002,45.910000,43.830002,44.799999,42.946461,4983500
2017-07-31,44.750000,44.959999,43.740002,44.540001,42.697216,3725500
2017-08-01,44.509998,44.509998,43.049999,43.160000,41.374310,4389000
2017-08-02,42.720001,44.240002,42.360001,44.000000,42.179565,3341100
2017-08-03,44.070000,44.299999,42.669998,43.209999,41.422241,3627000
2017-08-04,43.259998,44.549999,43.259998,44.349998,42.515072,4478000
2017-08-07,44.009998,44.119999,42.650002,42.860001,41.086723,4356100
2017-08-08,42.720001,43.770000,42.400002,42.619999,40.856655,2861700
2017-08-09,42.900002,43.150002,41.970001,42.360001,40.607410,2698600
2017-08-10,42.610001,43.029999,41.630001,41.740002,40.013065,3548700
2017-08-11,41.520000,41.910000,41.049999,41.330002,39.620022,2096500
2017-08-14,41.360001,41.470001,40.520000,40.540001,38.862713,3838900
2017-08-15,40.419998,40.900002,39.779999,40.700001,39.016098,3068100
2017-08-16,40.770000,40.830002,39.160000,39.290001,37.664433,3399500
2017-08-17,39.110001,39.419998,38.259998,38.369999,36.782490,4747400
2017-08-18,38.220001,39.150002,37.549999,38.450001,36.859184,6393100
2017-08-21,38.360001,38.480000,37.590000,38.090000,36.514080,3102100
2017-08-22,38.310001,38.619999,38.029999,38.599998,37.002975,3767100
2017-08-23,38.360001,39.270000,38.169998,38.790001,37.185116,4017800
2017-08-24,38.650002,38.779999,38.200001,38.360001,36.772903,2013000
2017-08-25,38.419998,38.930000,38.180000,38.500000,36.907116,2626600
2017-08-28,38.610001,38.660000,37.410000,38.299999,36.715389,3576800
2017-08-29,37.910000,38.220001,37.369999,38.130001,36.552425,3788500
2017-08-30,37.820000,38.529999,37.250000,38.430000,36.840015,3511000
2017-08-31,38.730000,39.330002,38.189999,38.900002,37.290565,3421700
2017-09-01,38.980000,39.619999,38.509998,39.450001,37.817810,2024300
2017-09-05,39.770000,40.139999,39.430000,40.060001,38.402569,5125600
2017-09-06,40.330002,41.250000,40.080002,41.040001,39.342026,2773200
2017-09-07,40.880001,41.369999,40.599998,41.330002,39.620022,3181700
2017-09-08,41.150002,41.330002,40.009998,40.270000,38.603889,3443200
2017-09-11,40.400002,41.070000,40.240002,40.919998,39.226986,3570700
2017-09-12,41.080002,41.849998,40.740002,41.419998,39.706295,3360200
2017-09-13,41.540001,42.400002,41.540001,42.130001,40.386925,5301400
2017-09-14,42.209999,42.810001,41.950001,42.250000,40.501961,5082700
2017-09-15,41.990002,42.230000,41.560001,42.169998,40.665897,4526100
2017-09-18,41.990002,42.669998,41.990002,42.480000,40.964840,4510700
2017-09-19,42.540001,42.799999,42.080002,42.730000,41.205925,3212200
2017-09-20,42.990002,43.570000,42.910000,43.459999,41.909885,4050200
2017-09-21,43.430000,43.820000,43.009998,43.630001,42.073826,3521200
2017-09-22,43.509998,44.540001,43.480000,44.500000,42.912792,3428100
2017-09-25,44.869999,46.270000,44.759998,46.099998,44.455723,6359600
2017-09-26,45.849998,46.500000,45.459999,46.320000,44.667877,3775800
2017-09-27,46.290001,47.060001,45.799999,46.939999,45.265762,4838400
2017-09-28,47.139999,47.680000,46.119999,46.540001,44.880035,6830800
2017-09-29,46.360001,47.189999,46.080002,46.889999,45.217545,3492000
2017-10-02,46.070000,46.400002,45.570000,46.290001,44.638950,3888000
2017-10-03,46.240002,46.240002,45.310001,45.689999,44.060349,3376400
2017-10-04,46.000000,46.119999,45.099998,45.259998,43.645687,2294900
2017-10-05,45.570000,46.020000,45.320000,45.509998,43.886772,3511300
2017-10-06,44.820000,45.029999,44.200001,44.590000,42.999588,4689000
2017-10-09,44.650002,44.810001,44.099998,44.330002,42.748859,2253100
2017-10-10,44.889999,45.230000,44.189999,44.310001,42.729572,3185700
2017-10-11,44.330002,44.590000,43.849998,44.330002,42.748859,3874600
2017-10-12,43.799999,44.310001,43.360001,44.200001,42.623493,2760000
2017-10-13,44.740002,45.400002,44.630001,44.990002,43.385319,2619700
2017-10-16,45.389999,46.439999,45.340000,46.040001,44.397865,4422400
2017-10-17,46.060001,46.189999,45.490002,45.959999,44.320717,2882200
2017-10-18,46.029999,46.790001,45.799999,45.869999,44.233929,2153700
2017-10-19,45.330002,45.889999,44.820000,45.049999,43.443176,2096000
2017-10-20,45.250000,45.340000,44.689999,45.029999,43.423885,3025100
2017-10-23,45.290001,45.730000,44.790001,45.209999,43.597469,5246900
2017-10-24,45.990002,46.709999,43.730000,44.060001,42.488495,8314500
2017-10-25,43.070000,43.340000,41.029999,42.209999,40.704475,12126400
2017-10-26,42.259998,42.380001,40.259998,41.279999,39.807640,6729000
2017-10-27,40.790001,43.770000,40.549999,43.540001,41.987041,6493800
2017-10-30,43.720001,44.590000,43.439999,43.660000,42.102753,5292000
2017-10-31,43.560001,44.439999,43.480000,44.160000,42.584919,4067900
2017-11-01,44.700001,45.990002,43.750000,44.299999,42.719929,4653100
2017-11-02,44.130001,44.840000,43.680000,44.410000,42.826008,3495600
2017-11-03,44.279999,45.799999,44.180000,45.459999,43.838554,5035300
2017-11-06,45.689999,48.290001,45.540001,48.230000,46.509750,6785800
2017-11-07,48.299999,48.730000,47.630001,47.950001,46.239738,3557800
2017-11-08,47.860001,48.000000,46.799999,47.080002,45.400768,3698000
2017-11-09,46.830002,47.840000,46.830002,47.529999,45.834717,3649500
2017-11-10,47.470001,47.660000,46.520000,47.110001,45.429707,2155700
2017-11-13,46.849998,46.900002,45.889999,46.590000,44.928249,3540600
2017-11-14,46.180000,46.410000,44.709999,44.910000,43.308170,5414000
2017-11-15,44.139999,44.270000,43.320000,43.669998,42.112400,5157700
2017-11-16,43.990002,44.680000,43.810001,44.090000,42.517414,4598600
2017-11-17,44.360001,44.910000,44.209999,44.549999,42.961006,3950100
2017-11-20,44.160000,44.160000,43.200001,43.560001,42.006329,2784300
2017-11-21,43.750000,44.080002,42.810001,43.070000,41.533794,3390500
2017-11-22,43.570000,43.860001,43.180000,43.450001,41.900246,4051600
2017-11-24,43.830002,44.619999,43.790001,44.400002,42.816360,1627400
2017-11-27,43.939999,44.110001,42.900002,43.099998,41.562725,4746200
2017-11-28,43.070000,43.560001,42.720001,43.380001,41.832741,3068200
2017-11-29,43.330002,44.830002,43.299999,44.810001,43.211739,3465600
2017-11-30,45.200001,46.400002,45.180000,45.880001,44.243576,4796300
2017-12-01,46.250000,47.810001,46.049999,47.090000,45.410416,5436100
2017-12-04,47.049999,47.639999,46.389999,46.570000,44.908966,4712900
2017-12-05,46.590000,47.080002,45.970001,46.290001,44.638950,2276900
2017-12-06,45.880001,45.970001,44.599998,44.669998,43.076721,3129400
2017-12-07,44.669998,45.119999,44.459999,44.599998,43.009224,4136900
2017-12-08,45.060001,45.590000,44.779999,45.490002,43.867485,2285400
2017-12-11,45.439999,46.279999,45.439999,45.759998,44.127853,2875400
2017-12-12,45.790001,45.939999,45.230000,45.410000,43.790333,3034900
2017-12-13,45.410000,45.480000,44.009998,44.099998,42.527061,4309100
2017-12-14,43.790001,43.849998,42.349998,42.669998,41.148064,8025800
2017-12-15,44.009998,44.660000,43.349998,43.400002,42.098682,8302200
2017-12-18,43.520000,44.310001,43.340000,43.599998,42.292683,3964100
2017-12-19,43.790001,43.980000,43.029999,43.360001,42.059883,5361900
2017-12-20,43.610001,44.040001,43.150002,43.990002,42.670990,3358400
2017-12-21,44.169998,46.439999,44.009998,46.340000,44.950527,6464500
2017-12-22,46.509998,47.160000,46.200001,47.009998,45.600433,2717500
2017-12-26,47.250000,48.570000,47.080002,48.459999,47.006954,3594500
2017-12-27,48.400002,48.560001,47.709999,48.139999,46.696556,2483600
2017-12-28,48.290001,48.750000,48.169998,48.360001,46.909958,3229700
2017-12-29,48.540001,48.540001,47.070000,47.470001,46.046650,2769400
2018-01-02,47.970001,48.040001,47.020000,47.849998,46.415245,2873700
2018-01-03,48.040001,49.900002,47.840000,49.400002,47.918774,3694900
2018-01-04,49.430000,50.639999,49.070000,50.590000,49.073090,3839400
2018-01-05,51.340000,52.549999,50.849998,52.160000,50.596020,7002500
2018-01-08,52.259998,52.549999,51.599998,52.490002,50.916126,3991900
2018-01-09,52.619999,52.900002,51.970001,52.459999,50.887024,3327200
2018-01-10,52.740002,53.360001,52.419998,53.000000,51.410828,3376100
2018-01-11,53.410000,55.480000,53.180000,54.720001,53.079262,5526600
2018-01-12,54.599998,55.049999,53.610001,54.540001,52.904655,3675100
2018-01-16,54.669998,54.820000,53.340000,53.540001,51.934635,5032300
2018-01-17,53.900002,54.650002,53.369999,54.020000,52.400242,5967500
2018-01-18,53.840000,54.560001,53.380001,53.840000,52.225643,3248500
2018-01-19,53.080002,53.080002,51.650002,52.610001,51.032528,9125300
2018-01-22,52.639999,53.520000,51.619999,53.470001,51.866737,4949800
2018-01-23,53.919998,54.330002,53.119999,53.619999,52.012238,3878700
2018-01-24,53.549999,54.250000,53.139999,53.880001,52.264446,3068000
2018-01-25,54.299999,54.520000,53.240002,53.590000,51.983139,4555300
2018-01-26,53.540001,53.849998,53.200001,53.689999,52.080143,2235400
2018-01-29,53.150002,53.560001,52.200001,52.310001,50.741520,3309700
2018-01-30,51.660000,51.840000,50.330002,50.520000,49.005192,4153000
2018-01-31,50.630001,50.810001,49.580002,50.509998,48.995487,4563600
2018-02-01,50.570000,51.320000,50.209999,50.590000,49.073090,3320600
2018-02-02,49.939999,49.939999,47.560001,47.790001,46.357048,5479700
2018-02-05,45.680000,47.900002,44.439999,44.490002,43.155998,9397000
2018-02-06,43.549999,46.369999,43.480000,45.959999,44.581917,5250900
2018-02-07,45.990002,46.830002,43.990002,44.110001,42.787388,4564800
2018-02-08,44.320000,44.849998,42.990002,43.000000,41.710670,5852800
2018-02-09,43.540001,43.549999,40.369999,42.119999,40.857059,6916600
2018-02-12,42.950001,44.730000,42.509998,44.139999,42.816490,6991400
2018-02-13,43.570000,43.849998,42.580002,42.799999,41.516670,4881600
2018-02-14,42.340000,45.590000,42.009998,45.369999,44.009609,6298000
2018-02-15,45.279999,45.560001,43.500000,45.529999,44.164810,4753400
2018-02-16,45.119999,46.130001,44.860001,45.650002,44.281216,4509900
2018-02-20,45.750000,46.529999,45.639999,45.840000,44.465519,4431700
2018-02-21,45.520000,46.400002,44.950001,45.230000,43.873806,5559200
2018-02-22,45.490002,47.270000,45.349998,47.080002,45.668339,5475500
2018-02-23,47.150002,47.959999,46.939999,47.869999,46.434643,4434500
2018-02-26,48.369999,48.470001,47.410000,47.779999,46.347347,4781200
2018-02-27,47.509998,48.660000,46.459999,46.470001,45.076630,5133100
2018-02-28,47.160000,47.580002,45.389999,45.419998,44.058117,4137300
2018-03-01,45.360001,46.560001,45.270000,45.669998,44.300617,5393900
2018-03-02,45.130001,46.750000,44.209999,46.680000,45.280331,3981600
2018-03-05,46.480000,48.720001,46.330002,48.439999,46.987560,5796100
2018-03-06,48.709999,49.220001,48.110001,48.480000,47.026360,4533300
2018-03-07,47.779999,48.320000,45.889999,46.480000,45.086323,3999800
2018-03-08,47.209999,47.330002,46.009998,46.700001,45.299736,4922800
2018-03-09,47.349998,48.540001,47.139999,48.459999,47.006954,4477200
2018-03-12,48.250000,49.400002,48.169998,48.650002,47.191265,3079300
2018-03-13,49.180000,49.599998,48.250000,48.400002,46.948761,4883900
2018-03-14,48.570000,49.209999,48.279999,48.570000,47.113663,2667500
2018-03-15,49.000000,49.520000,48.150002,48.860001,47.394966,3816300
2018-03-16,48.389999,49.560001,47.790001,48.980000,47.755718,5179900
2018-03-19,48.730000,48.950001,46.639999,46.959999,45.786205,3934200
2018-03-20,47.349998,48.770000,47.299999,48.389999,47.180466,2430800
2018-03-21,48.880001,51.200001,48.830002,50.689999,49.422970,3725400
2018-03-22,49.930000,51.009998,49.680000,50.099998,48.847717,3555100
2018-03-23,50.730000,50.990002,49.389999,49.459999,48.223721,4423100
2018-03-26,50.400002,50.509998,49.180000,50.480000,49.218220,2660300
2018-03-27,50.540001,50.950001,49.430000,49.869999,48.623466,3224400
2018-03-28,50.150002,50.529999,48.340000,48.730000,47.511963,3973100
2018-03-29,49.090000,51.009998,49.070000,50.619999,49.354721,3358600
2018-04-02,50.240002,50.320000,47.520000,48.500000,47.287712,3658200
2018-04-03,48.790001,50.669998,48.330002,50.450001,49.188972,3706900
2018-04-04,49.380001,51.130001,49.060001,51.009998,49.734978,3307100
2018-04-05,51.490002,53.220001,51.419998,52.540001,51.226734,5161400
2018-04-06,52.009998,52.740002,49.860001,51.090000,49.812973,3765700
2018-04-09,51.869999,52.700001,51.230000,51.599998,50.310226,4161700
2018-04-10,52.549999,54.230000,52.380001,53.689999,52.347984,5466000
2018-04-11,53.599998,55.540001,53.500000,54.930000,53.556992,4891900
2018-04-12,54.980000,55.980000,54.470001,55.000000,53.625244,4831800
2018-04-13,55.549999,56.939999,55.380001,56.320000,54.912254,7047900
2018-04-16,56.500000,56.720001,55.580002,56.240002,54.834248,4002500
2018-04-17,56.290001,56.660000,55.799999,56.330002,54.921997,3572700
2018-04-18,57.000000,58.630001,56.900002,57.919998,56.472256,6115300
2018-04-19,58.250000,58.980000,57.720001,58.200001,56.745258,3790500
2018-04-20,57.990002,58.150002,57.369999,57.810001,56.365005,4378600
2018-04-23,57.549999,58.680000,56.970001,58.540001,57.076759,3206100
2018-04-24,58.810001,59.560001,57.209999,57.650002,56.209007,4718000
2018-04-25,58.540001,59.360001,56.820000,59.340000,57.856762,6011200
2018-04-26,59.230000,59.250000,57.950001,58.439999,56.979252,4038900
2018-04-27,57.889999,58.320000,55.860001,56.630001,55.214497,6108600
2018-04-30,56.610001,57.799999,56.610001,56.990002,55.565506,5373500
2018-05-01,56.599998,57.700001,56.180000,57.650002,56.209007,3103100
2018-05-02,57.470001,58.529999,57.380001,57.610001,56.170002,3806900
2018-05-03,57.040001,58.009998,56.560001,57.790001,56.345505,3449000
2018-05-04,57.730000,59.160000,57.590000,58.709999,57.242508,2925900
2018-05-07,59.360001,61.360001,58.959999,59.220001,57.739761,4877900
2018-05-08,59.060001,60.950001,58.130001,60.910000,59.387520,5257600
2018-05-09,61.990002,63.669998,61.889999,62.349998,60.791519,7189500
2018-05-10,62.830002,63.430000,62.200001,63.299999,61.717781,3548800
2018-05-11,63.400002,63.470001,62.470001,62.720001,61.152275,3274700
2018-05-14,63.029999,63.779999,62.820000,63.130001,61.552029,2818900
2018-05-15,63.060001,63.820000,62.660000,63.459999,61.873775,2321800
2018-05-16,63.090000,63.840000,62.540001,63.610001,62.020035,2329500
2018-05-17,63.939999,65.739998,63.590000,65.169998,63.541039,4291700
2018-05-18,65.120003,65.489998,64.430000,64.660004,63.043789,4000600
2018-05-21,65.459999,65.889999,65.110001,65.269997,63.638531,2768900
2018-05-22,65.239998,65.720001,63.470001,63.820000,62.224785,3283700
2018-05-23,63.200001,64.320000,62.610001,63.119999,61.542282,5567100
2018-05-24,62.139999,62.980000,61.669998,62.400002,60.840275,2965600
2018-05-25,60.779999,60.779999,58.349998,59.160000,57.681259,6229100
2018-05-29,58.430000,59.790001,58.240002,59.430000,57.944511,3660600
2018-05-30,60.099998,61.720001,59.820000,60.959999,59.436268,3439900
2018-05-31,60.349998,61.480000,60.099998,60.419998,58.909767,3125200
2018-06-01,60.669998,62.200001,60.130001,61.799999,60.255272,3788900
2018-06-04,62.130001,62.840000,60.509998,60.830002,59.309521,3032500
2018-06-05,60.360001,61.570000,60.049999,61.080002,59.553272,2493100
2018-06-06,61.110001,61.900002,60.689999,61.570000,60.031021,2698100
2018-06-07,62.099998,62.660000,61.830002,62.330002,60.772026,2990400
2018-06-08,62.349998,62.369999,61.419998,61.840000,60.294270,2093300
2018-06-11,61.869999,62.189999,61.279999,61.799999,60.255272,2444800
2018-06-12,61.720001,62.110001,60.410000,60.470001,58.958515,2965600
2018-06-13,60.480000,60.919998,59.779999,60.490002,58.978020,2822000
2018-06-14,61.090000,61.340000,60.259998,60.970001,59.446018,3279900
2018-06-15,60.139999,60.439999,59.060001,60.040001,58.780285,6625600
2018-06-18,60.040001,61.880001,59.389999,61.599998,60.307560,4560100
2018-06-19,60.040001,61.810001,60.040001,61.400002,60.111755,2634000
2018-06-20,62.299999,63.160000,61.720001,62.639999,61.325733,5572100
2018-06-21,62.209999,62.310001,61.360001,61.709999,60.415245,3545600
2018-06-22,63.599998,65.220001,63.290001,64.570000,63.215237,6791900
2018-06-25,64.169998,64.580002,62.139999,62.290001,60.983078,4374900
2018-06-26,62.720001,63.959999,61.910000,63.770000,62.432022,2553800
2018-06-27,64.889999,67.150002,64.849998,65.570000,64.194260,5399900
2018-06-28,65.930000,66.330002,64.879997,65.559998,64.184464,3294400
2018-06-29,66.269997,68.400002,66.089996,66.889999,65.486572,5443100
2018-07-02,65.870003,66.230003,64.440002,64.889999,63.528522,3023800
2018-07-03,65.910004,67.680000,65.559998,65.959999,64.576080,1713400
2018-07-05,66.620003,66.919998,65.820000,66.379997,64.987267,2664300
2018-07-06,65.709999,67.889999,65.629997,67.550003,66.132721,2138700
2018-07-09,68.150002,69.250000,67.779999,69.209999,67.757881,2639300
2018-07-10,69.900002,71.139999,69.000000,69.599998,68.139709,2530800
2018-07-11,68.480003,69.019997,66.019997,66.820000,65.418037,3845100
2018-07-12,67.419998,67.779999,65.650002,66.739998,65.339706,3117500
2018-07-13,66.809998,67.459999,66.400002,66.540001,65.143906,3040900
2018-07-16,65.129997,65.809998,63.369999,63.880001,62.539719,3649000
2018-07-17,63.220001,63.840000,62.619999,63.459999,62.128529,3666400
2018-07-18,63.080002,64.440002,62.020000,64.139999,62.794258,2801100
2018-07-19,64.139999,65.000000,64.089996,64.500000,63.146706,2442700
2018-07-20,64.739998,64.739998,63.540001,64.040001,62.696362,2496200
2018-07-23,64.169998,64.650002,63.470001,64.239998,62.892162,4027900
2018-07-24,64.839996,65.889999,64.239998,65.059998,63.694950,3505600
2018-07-25,64.980003,65.019997,62.799999,64.879997,63.518726,4159300
2018-07-26,64.650002,65.599998,63.099998,64.330002,62.980278,4196900
2018-07-27,63.810001,64.660004,63.290001,63.610001,62.275387,2473100
2018-07-30,64.559998,65.239998,64.430000,64.680000,63.322926,2108900
2018-07-31,64.709999,66.059998,64.529999,65.629997,64.252998,2812400
2018-08-01,64.769997,65.129997,63.810001,64.800003,63.440414,2771900
2018-08-02,64.449997,66.000000,63.849998,65.820000,64.439011,2282700
2018-08-03,65.430000,66.500000,65.169998,66.300003,64.908943,3088100
2018-08-06,66.529999,67.489998,65.589996,66.959999,65.555107,2226700
2018-08-07,67.919998,68.309998,66.959999,67.250000,65.839012,2907000
2018-08-08,66.529999,67.070000,65.129997,65.930000,64.546700,2981600
2018-08-09,65.959999,66.250000,63.910000,64.000000,62.657200,3669800
2018-08-10,63.869999,64.540001,63.560001,64.269997,62.921532,2881200
2018-08-13,64.139999,64.400002,63.110001,63.330002,62.001263,2113300
2018-08-14,64.160004,64.379997,63.500000,63.919998,62.578880,1928400
2018-08-15,63.029999,63.209999,60.389999,61.500000,60.209656,4760200
2018-08-16,62.099998,63.189999,61.619999,62.740002,61.423641,2068800
2018-08-17,63.209999,63.369999,62.250000,62.349998,61.041817,2312000
2018-08-20,62.220001,63.799999,62.220001,62.959999,61.639019,2043200
2018-08-21,63.590000,64.230003,63.299999,63.400002,62.069790,2016200
2018-08-22,64.400002,65.389999,64.010002,65.190002,63.822239,1757600
2018-08-23,64.820000,64.839996,64.010002,64.550003,63.195663,1493400
2018-08-24,65.550003,65.790001,64.879997,65.139999,63.773277,1912600
2018-08-27,65.250000,66.260002,64.940002,66.150002,64.762100,1449300
2018-08-28,66.169998,66.500000,65.400002,65.779999,64.399857,2377800
2018-08-29,66.339996,67.879997,66.220001,67.209999,65.799850,3392100
2018-08-30,67.430000,68.620003,66.879997,68.169998,66.739700,2819700
2018-08-31,67.830002,67.860001,66.860001,67.339996,65.927116,2012000
2018-09-04,67.430000,67.570000,65.529999,65.680000,64.301956,2093700
2018-09-05,65.209999,65.730003,64.430000,65.410004,64.037628,2508400
2018-09-06,65.279999,65.279999,62.770000,62.970001,61.648811,2566700
2018-09-07,62.250000,63.119999,61.320000,62.630001,61.315945,2893200
2018-09-10,62.939999,63.439999,62.450001,62.549999,61.237625,1412900
2018-09-11,62.169998,64.599998,62.169998,64.379997,63.029224,2015800
2018-09-12,65.019997,66.000000,64.650002,65.059998,63.694950,2700600
2018-09-13,64.830002,65.620003,63.509998,65.239998,63.871181,2847100
2018-09-14,64.919998,66.400002,64.919998,66.010002,64.873619,2655500
2018-09-17,66.699997,67.580002,66.300003,66.769997,65.620537,2151600
2018-09-18,67.510002,69.360001,67.000000,68.519997,67.340416,3076300
2018-09-19,68.480003,70.000000,68.480003,69.419998,68.224922,3298900
2018-09-20,70.000000,70.419998,69.129997,69.379997,68.185600,2504800
2018-09-21,69.650002,70.820000,69.290001,70.510002,69.296150,4981000
2018-09-24,71.620003,73.080002,71.529999,72.040001,70.799812,4164600
2018-09-25,72.870003,73.250000,71.510002,71.639999,70.406708,3550800
2018-09-26,71.029999,71.510002,70.230003,70.440002,69.227356,3006900
2018-09-27,71.389999,71.790001,71.110001,71.580002,70.347740,3170000
2018-09-28,71.089996,74.080002,71.089996,71.580002,70.347740,5988500
2018-10-01,71.889999,74.809998,71.459999,74.589996,73.305916,4977300
2018-10-02,74.610001,74.739998,73.220001,73.360001,72.097092,2457400
2018-10-03,73.970001,73.989998,72.900002,73.980003,72.706421,2950100
2018-10-04,73.339996,73.910004,72.089996,72.580002,71.330521,2588200
2018-10-05,72.739998,73.180000,71.680000,72.440002,71.192932,2742700
2018-10-08,71.550003,72.110001,70.739998,71.110001,69.885818,2644900
2018-10-09,71.330002,73.190002,71.120003,72.570000,71.320694,2283400
2018-10-10,72.059998,72.250000,66.900002,67.190002,66.033318,6878200
2018-10-11,66.790001,67.379997,64.430000,65.500000,64.372398,4032000
2018-10-12,67.260002,67.320000,65.089996,66.160004,65.021049,2601400
2018-10-15,66.500000,66.940002,65.470001,65.639999,64.509995,2345400
2018-10-16,65.790001,66.220001,65.120003,65.800003,64.667229,2455000
2018-10-17,65.459999,65.570000,63.660000,64.779999,63.664799,4552200
2018-10-18,63.590000,64.250000,63.049999,64.110001,63.006332,3966300
2018-10-19,64.500000,65.730003,63.209999,63.560001,62.465805,3186400
2018-10-22,63.369999,63.630001,62.389999,62.939999,61.856472,2172000
2018-10-23,61.970001,62.290001,60.110001,61.430000,60.372467,5267900
2018-10-24,62.049999,62.380001,58.070000,58.160000,57.158760,4246400
2018-10-25,58.910000,59.799999,58.389999,58.990002,57.974476,3419800
2018-10-26,57.830002,59.200001,56.750000,58.110001,57.109627,3220600
2018-10-29,58.410000,58.599998,55.439999,56.160000,55.193192,3233000
2018-10-30,56.209999,57.220001,55.119999,57.080002,56.097359,3736700
2018-10-31,60.150002,61.160000,57.150002,57.400002,56.411846,7736400
2018-11-01,57.910000,58.700001,57.000000,57.840000,56.844276,3819500
2018-11-02,58.130001,58.599998,55.660000,56.349998,55.379925,3465700
2018-11-05,57.040001,58.990002,56.950001,58.639999,57.630501,3918200
2018-11-06,58.830002,59.380001,57.630001,58.660000,57.650154,3373600
2018-11-07,59.610001,61.290001,59.080002,60.880001,59.831940,4605600
2018-11-08,60.639999,61.080002,59.020000,59.230000,58.210342,3079300
2018-11-09,57.889999,59.540001,57.349998,59.150002,58.131718,2901300
2018-11-12,59.860001,60.150002,57.349998,57.459999,56.470814,2395100
2018-11-13,57.290001,58.009998,55.490002,55.959999,54.996632,4067800
2018-11-14,57.360001,58.270000,55.340000,56.020000,55.055599,3075900
2018-11-15,55.810001,57.540001,55.500000,57.220001,56.234947,2991200
2018-11-16,57.340000,58.099998,56.919998,57.680000,56.687027,2482800
2018-11-19,56.680000,57.509998,56.459999,56.959999,55.979424,2057700
2018-11-20,55.799999,55.810001,53.959999,54.860001,53.915573,4306800
2018-11-21,55.720001,57.189999,55.430000,56.189999,55.222675,2752600
2018-11-23,53.669998,54.669998,53.209999,53.650002,52.726406,2931400
2018-11-26,54.230000,55.049999,52.520000,53.099998,52.185867,6759500
2018-11-27,53.080002,53.369999,52.290001,53.200001,52.284149,3233400
2018-11-28,53.389999,54.650002,52.740002,54.029999,53.099865,3136100
2018-11-29,54.099998,55.369999,53.869999,54.439999,53.502804,2736300
2018-11-30,53.689999,54.689999,53.040001,53.889999,52.962269,3935200
2018-12-03,56.139999,57.150002,54.880001,56.450001,55.478203,4241500
2018-12-04,56.459999,57.200001,54.889999,54.919998,53.974533,6173600
2018-12-06,53.580002,54.099998,52.270000,53.369999,52.451221,5001400
2018-12-07,54.580002,55.299999,52.509998,52.610001,51.704308,4348100
2018-12-10,51.750000,52.570000,50.369999,51.490002,50.603588,4496700
2018-12-11,52.639999,52.939999,51.470001,51.980000,51.085155,3339600
2018-12-12,52.820000,53.820000,51.400002,51.740002,50.849285,4258200
2018-12-13,51.740002,53.580002,51.570000,52.209999,51.311192,5718500
2018-12-14,51.430000,52.279999,50.500000,50.900002,50.264427,4306500
2018-12-17,50.730000,51.200001,49.270000,49.759998,49.138660,4186900
2018-12-18,49.750000,49.830002,47.279999,47.310001,46.719257,6644700
2018-12-19,47.660000,48.700001,45.900002,46.000000,45.425610,6261100
2018-12-20,45.410000,46.119999,43.400002,43.509998,42.966705,5920500
2018-12-21,43.270000,43.700001,41.250000,41.490002,40.971928,8595400
2018-12-24,40.639999,40.860001,36.430000,36.430000,35.975113,7428900
2018-12-26,37.259998,40.480000,35.590000,40.450001,39.944916,10671300
2018-12-27,39.689999,41.610001,39.060001,41.540001,41.021305,8029900
2018-12-28,41.720001,41.849998,40.169998,40.380001,39.875790,5171700
2018-12-31,40.650002,41.320000,40.080002,40.500000,39.994289,4513500
2019-01-02,39.290001,42.400002,39.080002,42.240002,41.712563,4692200
2019-01-03,42.400002,42.849998,40.599998,42.389999,41.860687,6034500
2019-01-04,43.500000,45.860001,43.000000,45.689999,45.119484,9819300
2019-01-07,45.810001,48.169998,45.099998,47.880001,47.282139,7827100
2019-01-08,48.700001,48.790001,47.540001,48.480000,47.874645,5405900
2019-01-09,49.150002,50.560001,48.599998,50.160000,49.533665,6525800
2019-01-10,49.680000,52.040001,49.110001,51.950001,51.301315,8692500
2019-01-11,51.009998,51.330002,50.200001,51.270000,50.629807,4236700
2019-01-14,50.400002,51.380001,50.209999,50.810001,50.175552,3986300
2019-01-15,51.599998,52.410000,51.419998,51.820000,51.172943,5974600
2019-01-16,51.849998,52.099998,51.150002,51.279999,50.639683,4309600
2019-01-17,50.709999,52.410000,50.560001,51.840000,51.192692,2964200
2019-01-18,52.509998,52.950001,51.790001,52.810001,52.150578,5504600
2019-01-22,51.930000,52.590000,51.500000,51.869999,51.222313,4486200
2019-01-23,52.349998,52.349998,50.080002,51.049999,50.412552,3562600
2019-01-24,50.900002,51.889999,50.369999,51.000000,50.363178,4396400
2019-01-25,51.540001,53.630001,51.470001,53.099998,52.436954,5046700
2019-01-28,51.560001,52.110001,51.049999,51.730000,51.084061,4012400
2019-01-29,52.250000,52.570000,51.689999,51.869999,51.222313,4688000
2019-01-30,52.919998,54.049999,51.279999,53.930000,53.256592,4999800
2019-01-31,54.040001,55.380001,53.860001,54.000000,53.325718,7623100
2019-02-01,54.599998,56.619999,54.410000,55.660000,54.964993,5369500
2019-02-04,54.770000,55.799999,54.250000,55.669998,54.974865,2592200
2019-02-05,55.400002,55.869999,54.290001,54.410000,53.730602,3209200
2019-02-06,54.700001,55.160000,54.130001,54.939999,54.253979,4075600
2019-02-07,54.200001,54.480000,52.009998,52.400002,51.745697,3740500
2019-02-08,52.310001,52.580002,51.099998,52.470001,51.814823,3398800
2019-02-11,51.830002,53.689999,51.340000,53.580002,52.910969,2469000
2019-02-12,54.820000,55.529999,54.540001,55.139999,54.451485,4035600
2019-02-13,55.360001,57.660000,55.360001,56.000000,55.300747,3762900
2019-02-14,55.709999,57.610001,55.549999,57.070000,56.357384,2994500
2019-02-15,57.759998,58.230000,57.290001,57.580002,56.861019,2604400
2019-02-19,57.009998,57.730000,56.549999,57.590000,56.870892,2918900
2019-02-20,57.369999,58.919998,57.349998,58.639999,57.907784,2388200
2019-02-21,58.320000,58.650002,57.480000,57.680000,56.959770,3254800
2019-02-22,58.349998,58.549999,57.009998,57.160000,56.446266,2966900
2019-02-25,56.660000,58.040001,56.580002,57.540001,56.821518,2204900
2019-02-26,57.389999,58.349998,57.200001,57.689999,56.969643,2859700
2019-02-27,58.200001,59.930000,57.799999,58.139999,57.414024,3525300
2019-02-28,58.330002,58.330002,57.110001,57.849998,57.127644,5634900
2019-03-01,58.259998,59.740002,58.259998,59.230000,58.490414,3450700
2019-03-04,59.779999,60.000000,58.009998,59.330002,58.589169,3319900
2019-03-05,59.910000,59.930000,58.750000,59.150002,58.411411,4571600
2019-03-06,58.090000,58.090000,56.000000,56.740002,56.031509,4072000
2019-03-07,56.919998,57.240002,56.000000,56.610001,55.903130,4371100
2019-03-08,55.070000,55.189999,54.259998,55.000000,54.313232,3367100
2019-03-11,55.740002,56.459999,55.180000,55.930000,55.231621,4506300
2019-03-12,56.380001,57.650002,56.099998,57.209999,56.495636,2852500
2019-03-13,57.869999,58.439999,57.400002,58.060001,57.335022,3870900
2019-03-14,58.020000,58.790001,57.740002,57.959999,57.236275,3572400
2019-03-15,57.540001,58.610001,57.169998,58.250000,57.771835,4319000
2019-03-18,58.470001,59.320000,58.279999,59.130001,58.644615,2114600
2019-03-19,59.630001,59.650002,57.630001,57.990002,57.513973,2959300
2019-03-20,57.930000,60.630001,57.439999,59.950001,59.457882,3905200
2019-03-21,59.810001,60.990002,59.599998,60.799999,60.300907,2210700
2019-03-22,59.700001,60.209999,57.959999,58.750000,58.267735,3292500
2019-03-25,58.599998,59.810001,58.049999,59.540001,59.051247,2997200
2019-03-26,60.689999,61.529999,60.160000,61.090000,60.588524,3149200
2019-03-27,61.029999,61.509998,59.849998,60.259998,59.765335,2283700
2019-03-28,59.610001,61.029999,59.540001,60.959999,60.459591,1747400
2019-03-29,61.590000,61.930000,60.110001,60.230000,59.735584,2244600
2019-04-01,61.080002,61.450001,60.410000,60.840000,60.340576,2580400
2019-04-02,61.549999,61.549999,60.119999,60.349998,59.854595,3058500
2019-04-03,60.549999,60.810001,59.299999,59.560001,59.071087,1893800
2019-04-04,59.500000,60.810001,59.130001,60.750000,60.251316,2487900
2019-04-05,61.000000,63.099998,60.869999,63.000000,62.482845,4768400
2019-04-08,63.099998,63.619999,62.590000,63.080002,62.562191,4155500
2019-04-09,62.709999,63.310001,61.889999,62.540001,62.026623,3084400
2019-04-10,62.959999,63.630001,62.840000,63.360001,62.839893,2856800
2019-04-11,62.970001,63.689999,62.230000,63.290001,62.770466,2128400
2019-04-12,65.000000,66.250000,64.610001,66.099998,65.557396,6405700
2019-04-15,65.699997,66.260002,65.250000,65.540001,65.001999,2041800
2019-04-16,65.279999,66.480003,64.660004,66.309998,65.765671,2643200
2019-04-17,66.650002,67.000000,65.739998,65.919998,65.378868,2135300
2019-04-18,66.050003,66.589996,65.660004,65.860001,65.319366,2199100
2019-04-22,66.949997,68.269997,66.260002,67.879997,67.322784,4294700
2019-04-23,67.750000,68.080002,66.889999,67.459999,66.906227,3839000
2019-04-24,67.750000,68.250000,65.760002,65.849998,65.309456,4279000
2019-04-25,66.459999,67.150002,63.930000,64.180000,63.653160,7603500
2019-04-26,63.490002,64.220001,62.750000,63.849998,63.325867,3828900
2019-04-29,64.019997,64.419998,63.349998,63.919998,63.395294,2737400
2019-04-30,64.500000,64.639999,63.700001,64.120003,63.593655,3587700
2019-05-01,64.379997,65.150002,63.099998,63.110001,62.591946,2170000
2019-05-02,61.779999,63.029999,61.180000,61.930000,61.421631,2991100
2019-05-03,62.750000,63.759998,62.060001,63.230000,62.710957,2662900
2019-05-06,61.900002,63.080002,61.119999,62.810001,62.294407,2618000
2019-05-07,61.810001,62.320000,61.150002,62.299999,61.788589,9202700
2019-05-08,62.320000,63.840000,62.209999,63.439999,62.919231,2537000
2019-05-09,62.459999,63.389999,61.869999,63.259998,62.740711,1877800
2019-05-10,63.169998,63.840000,62.360001,63.580002,63.058086,2329500
2019-05-13,63.060001,63.360001,62.090000,62.900002,62.383671,2268800
2019-05-14,63.509998,65.000000,63.360001,64.180000,63.653160,2201100
2019-05-15,63.599998,65.269997,63.290001,65.040001,64.506104,2327100
2019-05-16,65.639999,66.720001,65.459999,66.349998,65.805344,2268900
2019-05-17,65.550003,66.559998,65.370003,65.690002,65.150764,1648600
2019-05-20,65.730003,65.970001,64.970001,65.279999,64.744133,2147600
2019-05-21,65.519997,66.500000,65.250000,66.459999,65.914444,2106000
2019-05-22,65.720001,66.019997,63.930000,64.089996,63.563896,2984600
2019-05-23,62.189999,62.389999,58.000000,59.009998,58.525600,4962600
2019-05-24,59.900002,61.000000,58.540001,59.470001,58.981827,2504100
2019-05-28,60.150002,60.689999,59.070000,59.180000,58.694202,2449400
2019-05-29,57.950001,58.560001,57.240002,58.540001,58.059460,2569000
2019-05-30,58.439999,58.869999,57.459999,57.790001,57.315613,1832800
2019-05-31,56.330002,57.150002,55.580002,55.860001,55.401459,2807700
2019-06-03,56.299999,56.610001,54.520000,54.730000,54.280731,3584400
2019-06-04,55.200001,55.930000,54.380001,55.840000,55.381618,3408500
2019-06-05,55.990002,56.060001,53.580002,54.180000,53.735249,4479600
2019-06-06,54.320000,55.770000,54.320000,55.520000,55.064251,4964700
2019-06-07,55.720001,56.910000,55.349998,56.549999,56.085793,4557300
2019-06-10,56.810001,57.910000,56.419998,57.279999,56.809799,2174800
2019-06-11,58.029999,58.599998,57.410000,58.000000,57.523888,2770100
2019-06-12,57.320000,58.130001,56.630001,56.709999,56.244476,4592300
2019-06-13,58.029999,58.910000,57.709999,58.310001,57.831345,3230400
2019-06-14,58.040001,58.480000,56.980000,57.250000,57.024536,4809100
2019-06-17,56.849998,58.279999,56.770000,57.860001,57.632133,2656900
2019-06-18,58.560001,59.759998,57.509998,58.709999,58.478783,3647000
2019-06-19,58.570000,59.509998,57.900002,58.919998,58.687958,2106400
2019-06-20,60.490002,61.750000,60.310001,61.320000,61.078506,3548400
2019-06-21,61.660000,62.279999,61.119999,61.200001,60.958981,3357000
2019-06-24,61.240002,61.919998,60.930000,61.590000,61.347443,2402900
2019-06-25,61.310001,62.680000,61.310001,62.189999,61.945080,2126900
2019-06-26,63.110001,65.790001,62.990002,65.379997,65.122513,3620900
2019-06-27,65.330002,66.029999,63.939999,64.290001,64.036812,2116200
2019-06-28,64.360001,64.699997,62.599998,63.570000,63.319645,3370900
2019-07-01,65.330002,65.760002,64.029999,64.269997,64.016884,2493000
2019-07-02,64.000000,64.000000,62.080002,62.639999,62.393307,2130500
2019-07-03,62.840000,63.110001,61.889999,62.419998,62.174171,1880400
2019-07-05,62.220001,63.080002,62.009998,63.009998,62.761848,1597600
2019-07-08,62.459999,62.930000,61.540001,61.709999,61.466969,2655600
2019-07-09,61.619999,62.139999,60.810001,62.049999,61.805630,1878200
2019-07-10,63.000000,63.880001,62.660000,63.180000,62.931183,2349000
2019-07-11,63.279999,63.330002,62.189999,62.490002,62.243900,1367900
2019-07-12,62.959999,63.580002,62.400002,63.130001,62.881378,1764100
2019-07-15,63.610001,63.740002,61.759998,62.169998,61.925156,2163600
2019-07-16,62.110001,62.849998,61.040001,61.700001,61.457008,1964800
2019-07-17,61.650002,61.869999,59.369999,59.650002,59.415085,3705200
2019-07-18,59.360001,60.119999,59.119999,59.849998,59.614292,2818200
2019-07-19,59.750000,60.939999,59.360001,60.610001,60.371304,3940400
2019-07-22,60.709999,60.990002,59.299999,60.419998,60.182049,1733900
2019-07-23,60.410000,60.689999,59.630001,60.240002,60.002762,1710800
2019-07-24,60.020000,61.080002,59.709999,60.599998,60.361340,2831000
2019-07-25,60.910000,60.910000,59.570000,59.810001,59.574455,3004900
2019-07-26,59.720001,60.099998,59.080002,59.830002,59.594376,2638700
2019-07-29,59.790001,60.119999,58.660000,59.980000,59.743782,6014900
2019-07-30,59.790001,62.250000,59.509998,62.000000,61.755829,3322400
2019-07-31,61.970001,67.209999,61.970001,64.839996,64.584641,4855800
2019-08-01,63.250000,65.690002,62.650002,63.660000,63.409290,4215600
2019-08-02,63.939999,64.230003,61.000000,61.950001,61.706024,3033900
2019-08-05,60.220001,60.549999,58.599998,58.820000,58.588352,3604400
2019-08-06,59.290001,59.889999,56.990002,57.500000,57.273552,3075700
2019-08-07,55.959999,58.630001,55.630001,58.020000,57.791504,4460300
2019-08-08,58.709999,60.389999,58.150002,60.349998,60.112324,2517600
2019-08-09,60.709999,61.980000,60.029999,60.619999,60.381260,2550500
2019-08-12,60.349998,61.360001,59.730000,60.810001,60.570515,2365400
2019-08-13,60.450001,62.759998,59.970001,62.020000,61.775749,2710600
2019-08-14,60.150002,60.610001,58.730000,59.360001,59.126225,2874600
2019-08-15,58.889999,59.790001,58.349998,59.619999,59.385201,2434500
2019-08-16,59.980000,60.389999,59.320000,59.820000,59.584412,2387700
2019-08-19,61.150002,63.389999,60.689999,63.150002,62.901302,4036100
2019-08-20,62.549999,63.639999,62.310001,62.599998,62.353462,2414000
2019-08-21,63.669998,65.410004,63.549999,64.830002,64.574684,2961500
2019-08-22,64.959999,65.330002,63.849998,63.950001,63.698151,1386500
2019-08-23,62.200001,63.549999,59.270000,59.560001,59.325439,3797100
2019-08-26,60.660000,60.740002,59.160000,59.919998,59.684017,1796200
2019-08-27,60.220001,60.790001,59.139999,59.709999,59.474846,1988700
2019-08-28,60.310001,61.650002,59.759998,61.430000,61.188072,2939900
2019-08-29,62.000000,62.990002,61.520000,62.240002,61.994884,2793700
2019-08-30,62.410000,63.230000,61.529999,62.950001,62.702087,2063000
2019-09-03,61.349998,63.590000,61.049999,63.279999,63.030785,2632800
2019-09-04,64.239998,65.400002,63.470001,65.040001,64.783859,2561700
2019-09-05,65.500000,65.989998,64.879997,64.989998,64.734047,2379000
2019-09-06,63.799999,64.650002,63.340000,64.040001,63.787796,4074200
2019-09-09,64.839996,65.050003,63.020000,64.059998,63.807713,4823100
2019-09-10,64.410004,65.040001,62.290001,63.209999,62.961063,6012000
2019-09-11,63.599998,65.089996,63.279999,64.949997,64.694206,3408200
2019-09-12,63.220001,64.800003,63.060001,63.480000,63.230000,2703500
2019-09-13,63.810001,64.139999,62.750000,63.220001,63.220001,2943900
2019-09-16,66.949997,71.059998,66.279999,70.290001,70.290001,6852600
2019-09-17,69.500000,69.980003,64.910004,67.800003,67.800003,4804000
2019-09-18,66.800003,68.059998,66.349998,66.910004,66.910004,3267900
2019-09-19,67.800003,68.000000,65.000000,65.580002,65.580002,2451100
2019-09-20,66.059998,66.629997,65.400002,65.669998,65.669998,3605000
2019-09-23,65.000000,66.019997,65.000000,65.510002,65.510002,1761600
2019-09-24,65.129997,65.320000,63.250000,64.320000,64.320000,4229000
2019-09-25,63.380001,64.160004,62.480000,63.520000,63.520000,1854700
2019-09-26,62.770000,62.820000,61.220001,61.680000,61.680000,2294200
2019-09-27,60.529999,61.790001,59.759998,60.130001,60.130001,3256800
2019-09-30,59.709999,60.860001,59.529999,60.480000,60.480000,2440500
2019-10-01,61.169998,62.090000,60.340000,60.619999,60.619999,3720100
2019-10-02,60.209999,60.470001,58.900002,59.320000,59.320000,3356000
2019-10-03,58.779999,61.869999,58.310001,61.790001,61.790001,3326900
2019-10-04,61.939999,62.560001,61.119999,62.389999,62.389999,2963100
2019-10-07,62.759998,63.599998,62.360001,62.700001,62.700001,2887100
2019-10-08,61.669998,63.439999,61.400002,62.119999,62.119999,2579100
2019-10-09,63.150002,64.720001,62.930000,64.349998,64.349998,2141300
2019-10-10,64.690002,66.099998,64.510002,65.910004,65.910004,2214700
2019-10-11,66.830002,67.760002,66.260002,66.769997,66.769997,2072800
2019-10-14,65.760002,67.559998,65.449997,67.190002,67.190002,2343200
2019-10-15,66.919998,67.680000,65.959999,66.129997,66.129997,1633000
2019-10-16,66.120003,66.589996,64.989998,65.230003,65.230003,1898800
2019-10-17,65.360001,65.639999,64.629997,65.160004,65.160004,1202600
2019-10-18,65.260002,66.150002,64.690002,64.949997,64.949997,1567400
